500
0 3297 450 4644 1668 4134 2279 935 6859 780 3053 273 6258 5715 4821 9301 1207 3417 8793 3005
1 4644 9636 1668 8040 7880 79 8981 246 4726 3417 2331 1181 7837 3743
2 578 450 4644 2279 8423 2408 8203 5678 9265 6258 949 6101 3895 2744 3417 7321
3 2240 8994 4644 5509 935 523 5069 6991 79 4880 273 4721 6258 2962 2486 790 4086 2744 1625 4667 1276 1020 3743
4 8768 2240 7459 4644 1668 2085 9132 273 5330 7155 5011 9301 4726 2486 1336 3005 6269
5 1728 4644 1668 6506 8175 79 2896 273 1905 276 9301 4086 6457 4667
6 450 3523 4644 8040 1323 8043 6991 9968 4721 3153 2962 2741 9301 2486 6103 1336 9688 4667 2555 6269 3743
7 578 1668 4293 871 935 8040 7977 8140 5135 9968 5330 6258 915 6101 9688 2202 1694 3743
8 3745 8994 3523 4644 9636 1668 2279 935 8040 745 8140 9265 5330 6258 9301 4086 6103 6269 8125 1694
9 2787 4644 4869 935 9640 8040 366 3375 3473 6258 6101 2486 790 9398 246 1336 3417
10 1122 578 3523 4644 871 4941 6258 3859 2741 1336 3417 4667 3005 6269
11 1728 578 3523 4644 7880 6506 6859 9132 3153 9745 6258 6101 2551 4407 4985 4667
12 578 5509 8040 8618 1581 4721 273 9265 6258 8981 4726 2486 4407 9688 3417 4667 7709 2335
13 450 2 9640 745 8618 6698 366 5617 5682 210 6258 6547 246 9398 790 1336 8824 2744 4985 7837 3005 3743
14 4644 8549 871 935 8040 1962 493 1423 847 273 949 790 4407 7228 3005 3743
15 2085 2279 935 7977 6859 7949 366 9968 4721 9265 5330 6258 6675 9301 246 790 3894 1336 4667 6267 3005 6269
16 3745 4644 1668 871 4941 9968 4721 1905 273 6258 2962 9301 2486 3926 2586 1019 3005 1181 4766 3743
17 3523 4644 9640 7115 6859 4721 273 6258 7028 2741 2744 1181 3005 8125
18 2787 4644 6468 6249 6506 6859 9968 3153 6258 790 7447 9688 505 3417 4027
19 7296 4644 8549 8743 2279 366 9265 8469 9301 7285 246 8824 4060 3005 1694 3743
20 482 2787 4486 2279 7880 9265 5330 2741 6101 4726 2486 4086 2586 4060 3005 4766 3743
21 450 2787 1796 1668 5509 2279 8618 6859 3053 7949 9935 9265 6258 4821 9301 246 4726 790 2551 3005
22 9440 7233 4644 2279 8841 1581 847 9301 4726 2744 8186 7165 7837 4766
23 2240 482 4644 8549 8389 4134 8423 8040 745 6506 3053 9293 366 246 3895 1336 9688 3005
24 2240 450 7459 871 9640 2152 9161 7115 6859 5135 4880 9265 5330 6258 2741 9301 790 1625 3005 3743
25 3297 1796 8423 6859 4107 3053 366 3888 4721 2962 4340 4726 790 4407 3417 3005
26 3745 578 3523 4644 4486 9132 273 9301 246 2486 2744 4667 1020 7837 6269
27 2240 5634 3523 7459 2085 8203 780 5069 141 1905 6258 7155 2643 9301 4726 2486 1336 3417 4027 3005
28 2240 578 4644 9636 4293 4486 7880 6506 9968 4721 6258 2962 790 1336 2744
29 3297 5474 9159 8618 6859 366 5038 79 6258 8052 9301 4726 4407 1336 9688 3417 1019 1276 3005 1694
30 3745 3523 4644 3494 8040 79 9968 915 8949 4726 3926 4407 1336 4345 1625 3005 1694
31 3745 578 871 9640 7049 1230 2896 9265 1905 246 3417 4985 4667 3005 1181 1694 9887
32 4644 935 8040 6859 7115 3053 366 2896 2128 3153 9265 5330 6258 2741 246 4985 3417 4667 7899 3005 6269
33 578 2 3523 4644 2279 871 7880 9968 4721 273 6258 7285 4086 2744 3005
34 3745 2787 4644 9636 133 935 5069 4880 9968 4721 273 2962 9301 246 8792 3005 3743
35 450 4644 9636 2279 871 9132 5678 9968 6258 2835 6547 2741 2486 6267 4027 1276 3743
36 3745 3523 9187 3053 366 5135 79 6258 4726 246 1336 3417 6457 3005 3743
37 2240 1122 3523 9640 8045 3375 9968 5330 5234 6258 7155 2486 4407 1336 2586 4667
38 4644 2279 8841 4941 366 5234 6258 2962 9235 4821 9301 790 3926 246 3895 8824 4667 3743
39 5155 1252 2279 8140 1581 8750 3375 4721 9745 6258 6547 6101 4726 2486 2586 3005 6269
40 1728 7233 4644 133 871 7883 4880 1905 6258 9459 5525 7285 4407 2744 4667 3005 4766 1694
41 4644 1796 6213 8040 9640 3473 6258 4821 4726 790 2486 1336 3417 4985 4766
42 3936 2240 353 578 4293 5704 7880 3153 6258 4821 4726 3417 2202 3005 1181 3743
43 2240 7233 450 3523 4644 4100 7461 6506 366 847 9265 790 2744 8824 5307 3005
44 450 3523 2787 9636 4644 6258 5330 6547 8052 2741 6101 4726 4086 2486 9688 4985 1625 1020 8125 4766
45 3523 4644 1668 6506 8203 915 276 4821 6101 790 4726 4345 9887
46 2240 4644 2279 935 9640 8040 8203 8045 3053 9265 5330 4726 4027 1276 3005 3743
47 5634 1796 7174 935 1423 79 1905 273 9265 372 4726 246 2486 4407 9688 8793 4345 4667
48 578 3523 4644 8618 5135 9968 6258 915 9688 4667 3005 1181 7837 3743
49 3745 4644 9636 2279 935 9640 7049 1962 6859 366 2128 5330 6258 6547 9526 2486 4985 3005 6269
50 578 450 2787 4644 5350 6698 779 4107 1581 3053 9968 9265 6258 6101 6103 4027 7837 1181 3005
51 7233 578 450 3523 4644 2085 366 9968 1905 9265 5234 6258 6101 6613 4726 1336 4667 5307 3005 3743
52 3745 578 4644 1956 2085 8203 5038 366 4880 9968 9265 8949 4726 246 4407 1336 3005 3837 4766
53 8549 8743 8040 6506 7115 4107 3053 366 847 9968 3153 273 5330 9301 790 2551 1336 4985 4027 1181
54 2240 482 4644 7174 1323 9132 3053 7949 847 4721 6258 7155 790 2551 4985 7899 1181 3743
55 3745 450 4644 871 8040 8750 366 4880 1905 5234 6258 6101 9398 4726 4407 6267
56 3745 3523 4644 8040 8618 9132 5069 4721 273 6258 6547 246 4407 2202 4667 3005 6269
57 2240 4293 4326 493 5069 5330 6258 7028 2486 4086 1336 9688 8792 4667 155 3005 3743
58 4928 2240 578 3523 2279 871 9640 9450 2730 2896 6258 8052 9301 9398 4407
59 8994 2787 8549 3053 4941 8175 273 2962 7155 372 8469 9301 246 2551 2744 3005 4766
60 2240 7233 578 2787 3523 9636 2279 8423 935 745 3053 1905 6258 9301 2486 4407 1336 4345 1276 3005 6269
61 1122 4644 1796 871 9968 4721 9265 273 7028 246 4407 6103 4667 3005 6269
62 3523 2279 935 6698 6859 3053 366 4721 6258 468 4726 4407 1336 9688 4667 4027 1020 6269 7709
63 4928 9636 4293 2279 8040 7880 8618 3053 7949 9968 273 4721 6258 2741 2486 790 1336 9688 3417 3005
64 3523 2279 8618 6698 5546 3053 4721 5107 4821 6101 790 2744 1181 3005
65 578 2 3523 9636 1956 1962 779 5135 847 9968 7028 2486 9688 3005 1181 4766
66 4644 1668 4486 7977 6506 8618 366 847 9968 4721 6258 5107 9301 7285 2486 246 1336 2744 1181
67 1728 2240 3523 2787 4644 1796 1668 935 8040 8618 6859 1323 366 847 5330 9398 2551 1336 1625 4985 3005
68 450 9636 871 7880 7115 6859 3053 5617 6258 915 7285 4726 2551 1276 3005 4766 3743
69 482 2210 450 8994 4644 2279 9640 8618 9132 4721 3153 6258 7285 4985 1625 6267 1181 8125 4766
70 2240 4644 935 8618 6859 3053 4941 9968 4721 3153 2741 2486 790 9526 2551 3895 2744 4027 3005
71 3888 5330 4644 1668 8981 2279 1336 7977 8618 3005 8045 4766
72 3523 4644 4869 2730 9132 3053 5389 6258 8052 1276 1020 3005 7837 3743
73 2240 3745 4644 9636 5097 6506 3053 1581 366 2896 1905 6258 6547 2741 4726 1336 3005
74 2085 4486 2279 6859 779 2124 5038 3982 4721 6258 246 1336 3417 8507 1181 9887
75 578 450 1668 4293 7559 8040 9968 9265 5330 6258 4726 2744 9688 4667 3005 7837
76 3745 871 2279 5069 366 2896 1905 5234 6258 790 6103 4027 7899 3005 1181 191
77 3523 4644 1668 7461 871 8040 1581 5135 9265 6258 1042 2486 4407 2551 1336 3005 4766
78 578 4644 1956 2279 9968 4721 5682 5234 6258 7028 2486 2744 4985 4027 3005 6269
79 2240 578 3523 2787 4644 935 9640 6506 8043 5069 4941 3053 9968 9265 6258 8722 4821 790 3005 1181
80 3297 3523 4644 9636 1956 7461 2279 7880 9132 4654 6258 2962 7285 790 4766
81 2240 578 2787 4644 133 2279 8618 6506 6859 9968 6258 468 4821 4726 1336 1181
82 3297 7233 4644 4293 2279 7977 8618 3053 7949 4721 9265 2741 7285 246 2486 3417 4667
83 450 9636 935 6698 779 3053 9968 3153 5330 2962 7028 4821 9301 7285 2551 8824 1625 3005 7709 3743
84 3523 9636 4391 6506 4941 5069 847 6002 6258 2962 4821 9301 2741 2486 246 9688 1020 3005
85 4644 1668 8040 5069 5135 79 6258 8052 3637 7285 949 9301 2486 4407 1336 1625 2331 3005 7837 1181
86 2240 3523 4644 4134 871 2279 8040 6859 8140 1581 366 9968 6258 246 790 3894 1625 3005 7837
87 5825 482 4644 2279 8040 8203 1323 8140 9968 5617 6258 2962 9301 4726 2486 1336 1020 1181
88 9440 3523 7459 4644 4293 871 8618 4941 9968 7762 4086 1336 6840 6457 3005 4766
89 2240 578 3523 7459 4644 1796 935 2408 5097 8618 7115 6859 7949 79 9265 6258 1042 276 9398 9688 4667 1020 8125
90 578 4644 871 2279 2408 6506 9968 9265 2962 6547 2741 631 2744 4985 3005
91 578 4644 5547 3053 5069 8045 2128 5330 6547 4821 246 9688 1336 3005 1181 9887 3743
92 3297 578 8260 7977 8043 1423 3375 2896 9968 9265 5330 6258 6547 9301 6101 790 2486 3894 2744 1336 4985 1020 3005
93 1728 2240 4644 871 2279 8040 745 8203 5389 366 4721 6258 8052 246 4985 4667 2335
94 4644 871 8040 4941 273 1905 9265 5330 6258 2962 7028 4726 790 1336 4667 3005 1181
95 7233 4644 1796 2279 8040 6506 4721 9265 5330 6258 7285 6101 790 246 2486 2744 1336 1625 4985 8125
96 2240 7233 3745 4486 9640 6506 1581 366 8815 3153 1905 5330 790 4407 1336 4985 2202 3005
97 3297 578 4644 8040 7115 3053 8750 6101 4726 4407 1336 4985 3005 1694
98 4644 2279 8841 6859 8045 366 4721 9301 7285 2486 246 1336 2744 3005 4766
99 450 4644 2279 6185 4330 3375 79 7285 4726 2486 4407 1336 4985 1181 3005 3743
100 1728 578 5634 3523 1668 9968 3473 9265 6258 4726 2486 4667 3005 191
101 578 3523 4644 8743 8040 8618 1323 79 468 7285 9301 4726 4407 7321 4985 4667 1020 3005 6269 1181
102 2240 2787 4644 1956 2279 7977 8618 3053 1905 6258 2741 9301 790 1336 9688 3417 4667 3005 4766 3743
103 3936 3523 7459 2183 6506 3053 1905 9265 6258 2741 8949 246 3417 1276 7228 1181 3005 4766 3743
104 8416 2240 4644 8260 2085 871 8618 3053 4941 366 4880 9968 3153 6258 7762 4821 246 2202 3005 3743
105 450 8994 4644 1668 2279 871 6859 3053 5069 4721 273 9265 6258 790 4726 1276 6269 3743
106 8994 2787 4644 8549 8040 745 8618 7115 6859 4941 6734 5330 2486 790 1336 8824 4667 1181 4766
107 1728 3297 2279 871 745 6506 4941 5135 9968 9265 2962 2741 9301 7285 4726 246 790 9688 2586 4027 3005 1181
108 1728 450 4644 4293 2085 4326 871 2279 5704 7977 9007 9968 6002 6258 2741 7285 6101 246 4407 3417 1625 4027 1181
109 578 450 3523 2787 4644 1956 871 935 366 9265 8052 2486 2202 4667 1181 3005
110 8416 2240 4644 7174 1581 3053 7949 366 1230 9265 273 6258 790 3417 1020 3005
111 2240 578 450 3523 8040 8203 1323 9132 1423 9265 1042 6258 915 9301 4726 2486 4086 1336 9688 3005 4766
112 2240 3745 4644 1668 4293 2279 9640 8040 3053 1581 3153 2741 246 4726 2331 3005
113 3745 578 5509 366 9265 7155 5107 8981 278 246 2551 1336 8824 7899 9244 3005
114 9440 3936 3745 2787 7459 2279 9640 8618 6506 79 9265 6258 2962 9235 9301 2486 9688 4985 2202 3005 7837 3743
115 578 4644 6506 8618 3375 3473 5330 6258 4821 2486 2551 2264 3005 7709
116 3523 4644 1668 2279 935 9161 6506 3530 8052 9301 9398 2486 4985 3743
117 3523 7174 2279 935 7880 7977 3024 5330 6258 2197 9301 246 4407 2551
118 2240 2787 4644 4293 8618 3053 2896 3153 4721 4726 1336 2586 9659 3005
119 2240 3745 5634 450 3523 4644 9636 1796 1956 9159 935 847 1905 9265 6258 2741 2486 1336 505 4985 3005
120 2787 4644 6859 3053 1905 9265 6258 915 5715 949 4726 2551 1336 3417 1625 2331 3005
121 3297 1956 1668 2279 935 8203 9132 3053 8750 5135 9968 3153 6258 915 9301 790 1336 4985 4667 4027 3005
122 578 3523 9636 7174 8043 8045 9265 9301 246 4086 4726 1336 1276 6269
123 3745 1668 2279 8040 7977 745 8618 9132 8045 847 9968 3153 4721 5330 6258 2643 9301 4726 1336 1181
124 2240 3297 578 2279 7049 366 9968 1905 9265 6258 2643 7157 9301 4726 2486 7734 4985 1625 4060 1181
125 4644 935 6506 8203 8045 1581 2896 9040 1905 5234 6258 2741 790 2486 246 3005 1181
126 4293 2279 871 7049 8618 6859 4941 366 9007 273 4721 9265 6258 6547 9301 246 9398 4407 4985 3005 6269 3743
127 2240 2210 450 8549 6506 6859 5069 273 7028 9301 4726 790 278 1336 9244 3005
128 578 4644 4486 6986 6859 7115 1581 9968 1905 6258 2741 4407 1336 6457 4985 3005 1181 4766
129 578 4644 1796 871 8040 6506 8618 1581 79 9301 1336 9688 1020 3005 1181 4766 1694 9887
130 353 3523 4644 6506 8618 6859 1423 3153 5330 2962 9301 790 6103 9688 4985 1181
131 578 450 3523 4644 8423 935 8140 3888 3153 9265 3473 1042 246 4667 1020 3005 6269
132 3523 1796 2279 8040 8203 9132 7949 3375 6991 6258 8981 2741 4086 9688 1276 3005 9887
133 578 8994 4644 2279 935 9132 2896 2128 4721 6258 8722 915 9301 6101 2486 4985 7837 3005 7709
134 2240 1122 450 4644 4293 7977 6859 3153 6258 9270 3895 1336 3417 4667 6267 3005 9887
135 3888 7233 6258 8994 5107 2279 9640 9161 6506 8203 5069 3005
136 9440 1728 2787 4644 745 8618 4107 3053 3375 7503 6002 6258 1042 2962 5107 2741 6101 4726 1625
137 5634 4644 2085 2279 935 7977 6506 4880 2128 273 9265 790 2486 3894 2586 3005
138 1728 578 3074 3523 1796 4644 2085 4107 493 366 9968 6258 2962 246 8824 4667 3005 1181
139 1728 3297 4644 2279 7049 5069 847 6547 4821 2486 9688 6457 3417 2586 4027 6269 9887
140 3745 4644 1220 4134 871 935 7880 8203 6859 9132 3375 6991 2896 6257 9265 6258 7762 790 3417 3005
141 7233 578 450 3523 2279 8618 6859 366 2896 1905 2486 790 4407 1625 3743
142 578 3523 8389 2279 8040 9640 1581 5330 5234 6258 246 182 1336 4985 4027 3005
143 3745 3523 2279 1383 8040 7977 1581 273 9265 5330 915 2744 1694 3743
144 4644 1668 7461 2279 935 8040 3375 847 5330 915 6101 1336 3417 2555 3005 3743 9887
145 2240 450 8549 2279 9640 7049 3375 9265 8981 4726 3926 5687 3417 8186 3005 4766
146 4644 871 935 7049 366 9265 4721 5617 6258 5525 2486 4726 246 2744 1336 1276 6269 3005 7709
147 2240 4644 4293 7880 7049 8203 4941 3053 2896 9968 9265 9301 6101 790 4726 246 4407 3417 4985 4667 4766
148 2240 3523 2787 2279 2183 935 8040 9161 5330 6258 4821 9398 2486 3766 1336 3005
149 3523 4644 871 2279 935 7049 6859 9132 6991 9968 273 3926 278 4407 2744 9887
150 3523 4644 8549 4486 2279 5389 9265 8052 790 5687 1336 5401 1625 4667 1181
151 3745 3523 4644 2279 6859 79 2896 4880 4726 1336 4667 1276 3005
152 2240 3936 578 3523 4644 1956 2085 2279 5135 6258 9301 4726 246 4407 2744 9688 1181
153 3745 9636 4644 2279 935 9132 780 1581 9968 9235 3894 4407 631 2586 4667 1181
154 3523 2787 3494 935 6859 7115 366 5135 6991 2128 9968 6258 2962 276 4407 6457
155 3745 1905 4644 790 7734 182 8040 6506 2586 4093 1694 366
156 2240 7233 578 2085 2279 935 8040 7049 6506 5330 7285 9301 790 4726 1336 9688 2202 1181 3005
157 482 578 450 4644 133 2279 8040 4077 1905 6258 9301 4726 1336 4667 926
158 4644 9636 871 9132 3053 9265 1042 7762 7155 915 5525 246 4726 2486 2331 4027 3005 6269 1181
159 4704 1728 4928 7459 871 745 8140 3053 4077 5038 1905 9301 8949 2741 6101 4726 4086 2551 3417 1020 1276 3005 4766
160 2240 578 3523 4644 3494 8040 8618 2896 273 6258 1042 2962 9301 2744 1336 3005 7709 1694
161 1728 2240 7233 578 3523 4644 8549 2279 935 8040 9968 9265 7155 7285 246 2486 2744 7899 3005
162 4644 2085 7559 8040 9640 6506 3375 847 2128 1905 5107 6101 472 4985 3005
163 1668 2279 6506 3530 6258 6675 8052 7028 9301 9398 2486 790 4086 4407 9688 2331 3005
164 5330 4644 790 9526 4726 2279 935 7049 6506 8203 9132 5389
165 2240 7233 4644 9636 8045 9968 5617 6258 9301 4726 2486 9526 3005 8125 3743
166 3745 3523 4486 4326 2279 935 6859 366 3375 9265 6258 8981 790 3926 246 6457 4027 1020
167 578 2787 1668 7559 871 1323 6859 3375 4721 246 1336 1625 3005 1694 3743
168 3297 7233 482 578 3523 1668 2085 8040 5704 7880 6859 4721 9265 7155 949 246 4027 1020 3005
169 2240 578 5350 9159 6920 779 6859 8140 1230 9265 6258 246 4407 2744 8824 4667 3005 1181
170 3745 3523 4644 9640 7049 5961 8618 6991 79 9265 5330 6258 4821 8949 2486 3417 4766 3743
171 3745 2787 7880 6859 1323 4941 5069 141 3053 5330 9526 9688 3005 4766 1694 191
172 578 4644 9159 8618 6002 5330 6258 7028 4726 9398 6840 4985 2202
173 3745 4644 9636 871 8040 8203 6859 8140 3053 3153 2551 4407 4345 1625 2586 3005 1181 8125
174 3523 4644 1252 9640 5961 8203 366 9968 6258 2962 6101 4726 790 1336 9688 4667 1694 3743
175 8416 450 4644 9636 4293 1423 4880 9265 6258 2741 4726 6103 1336 2744 1181 8125
176 935 5961 366 9968 273 4721 1905 6258 4726 4086 2486 1336 2202 2586 4667 1276 3005
177 4644 1796 1956 935 6506 8140 3375 9968 9265 273 5330 1042 7028 468 8981 9688 4667 3005 1181
178 2240 2787 4644 4869 2279 871 8618 6859 6258 5107 4340 2741 3417 4027 3005 1181
179 4293 6598 2279 935 7880 7049 8170 5069 5135 3153 6258 6899 4726 2486 1336 4985 4027 5308 3005
180 578 3523 4644 1668 871 1323 366 79 3153 246 790 4407 2586 4667 3005
181 2240 7233 8994 8389 2279 8618 779 2288 3153 6258 6482 5107 4821 7285 1336 2744 1276 1181
182 3297 578 3523 4644 935 9640 6506 8618 847 3888 9265 5330 6258 2962 3926 4667
183 7233 3523 2787 7174 2279 9640 366 9968 9265 6258 2962 246 8824 3417 4985 1625 3005 1181 6269
184 2240 482 578 4644 2279 9640 8618 8140 366 273 9265 6258 3417 1276 1020 9244 3005 3743
185 2240 141 79 3153 2962 6547 9301 6101 790 9688 3417 2202 4766 8994 1956 2279 2408 8618 9968 9265 7028 7285 4407 1336 3005
186 450 3523 4644 935 8040 141 5330 6258 915 949 4821 4086 3926 2744 9688 4345 4060 3005 6269 3743
187 3936 7459 4644 7461 9159 8841 6859 8203 5069 8175 6258 7155 246 2486 790 4407 6269 3743
188 4721 482 4644 9636 8549 1127 2744 5754 6698 366
189 2 4644 1668 4486 7559 7880 366 4721 9301 2741 7285 3926 4407 1371 4667 2335
190 4644 935 7049 8618 6859 8045 2896 9265 278 2486 4667 4956 7837 3743
191 2787 4644 2279 6506 8618 8140 847 6258 6101 4726 6519 2744 3417 6267 1020
192 2240 450 2787 4644 2085 8841 6506 8140 9132 5330 9301 3926 790 4407 1463 1336 3417 1625 2202 4766
193 4644 935 6506 4941 3053 9040 273 5330 6258 2962 9301 4726 4086 2486 4407 1336 154 3743
194 4644 2279 8743 2408 9132 5389 366 9265 6258 915 246 3417 4667 3005 1181 8125
195 4644 2279 8040 1581 7949 1905 4721 6258 2741 790 4086 8470 1336 3417 1625 3005 1694
196 3523 4644 3053 5069 5038 5135 4721 5617 6547 8052 4726 4985 6269
197 2240 7459 4644 1796 4486 2279 8743 8040 8140 4721 273 9265 2741 9301 3895 1336 4667 1181
198 3297 578 4644 2279 935 8140 7949 366 6258 1042 5011 790 4407 2744 1181 3005
199 3523 4644 4293 2279 6859 5389 9301 4726 4407 6103 4345 4985 4667 4027
200 3523 2279 4107 9007 79 4721 9265 5330 915 8052 7285 4726 4985 4667 3005 1181
201 1728 2240 3745 4644 1668 8389 2085 9159 8618 9450 8140 1423 9968 1905 9265 6258 2643 9301 2741 7285 790 8342 3005 3743
202 3745 578 4644 9636 1956 5125 2279 366 6258 8981 6101 2486 1336 9688 6584 3005 1181 8125
203 2787 4644 9636 8549 2279 935 8618 1581 366 3473 9265 6258 246 4086 1336 3005
204 2240 2787 4644 2279 935 9640 7977 6698 3053 366 9968 3473 4726 246 4407 4985 1020 1181
205 578 4644 1956 7880 6506 1581 1072 9968 6258 915 9301 2486 2744 9688 4667 8507 1020 3005 1694
206 2240 4293 4486 2279 9640 7049 6859 9935 4721 9265 6258 790 2486 4726 1336 3005
207 2240 3297 3745 2279 2408 7049 5389 4941 9968 1905 5107 790 2744 3417 1020 3005
208 4644 8549 4486 935 8040 7977 745 6506 1423 9265 6258 6101 790 246 4726 1336 6267 4027 3005
209 9265 3523 2787 5107 4644 4726 9398 4086 9688 7977 5754 6991
210 7233 3297 2787 1668 2279 935 8841 6506 8203 9968 4721 9265 6258 915 9301 7285 3417 2586
211 4644 4293 4134 6054 2279 8618 7115 8140 847 79 4976 5330 6258 2486 790 1336 2264 4667 3005
212 9440 2240 2787 3523 4486 2279 8423 8040 8618 6859 4721 2643 2741 3417 3005 9887
213 1728 2240 3745 3523 4644 7880 6506 3888 9968 6258 2741 7285 4726 1336 472 1181
214 578 4644 9636 1668 2279 7559 9640 366 9968 9265 2962 790 246 3417 3005
215 7459 1668 8549 4869 935 9640 5135 9007 273 5330 6258 6547 2741 9301 1336 6840 2264 3417 4985 4027 3005 4766 2335
216 578 2787 4644 2279 8743 4782 9968 7762 9301 4726 9688 8186 4667
217 2240 273 578 4644 7028 8549 790 246 4086 2279 3417 2202
218 578 4644 935 8043 7949 366 1423 2741 8469 9301 9398 790 4407 1336 3417 3005 3743
219 8416 450 3523 1796 4644 9576 7049 4107 3053 4941 6991 273 9265 6258 1042 4821 2486 4667 1181 3005
220 2240 578 1122 7559 871 8618 1323 366 1423 9007 9968 9265 6258 468 7285 4726 2486 6103 1336 3005 1181
221 2240 4644 9636 7049 8618 4721 1905 6258 7028 2486 6103 7837 3005 6269 4766
222 578 4644 871 7559 7977 8618 4880 9968 6258 1042 2962 9301 6103 472 6269 191
223 2240 3523 4644 1668 2279 6506 6859 3053 4821 9301 790 246 1336 4667 1020 3005
224 5634 482 450 7459 4644 1956 5509 4486 2279 9640 745 6767 9968 6258 5525 9301 790 2744 1336 3417
225 4644 1796 4134 8040 6506 6859 8175 847 9968 9265 5330 6258 7285 790 2744 1336 7736 3005 1181 3743
226 2240 2279 2408 8618 779 6859 8140 9968 9265 6258 2962 6547 2486 790 2264 4985 1625 8186 4667 1020 1181 3005 3743
227 2240 578 3523 4644 2279 8040 1323 8203 9040 3153 790 2486 1336 9688 4985 1181 3005
228 482 4293 2279 6859 7115 3053 4941 1423 9265 2741 9301 246 4726 4086 1336 9688 1625 3005 4766
229 578 3523 2279 6859 9132 9646 4726 790 3417 4667 6269 3005 4766
230 1122 2787 4644 1668 8549 5509 935 6506 493 847 9968 9265 949 4821 9301 246 2486 4407 9688 4667 4027
231 9440 7296 4644 8549 4134 2279 935 8040 8618 3375 273 6258 915 9301 2551 6519 1336 5307 3005
232 2240 8994 3523 4644 8040 9968 5330 4340 9301 4726 4086 2551 1336 2331 4667 9659 3005
233 2240 3523 4644 2279 8040 8618 1323 8140 6991 273 5617 6258 5107 6101 246 4027
234 2787 4644 1668 4486 2279 3053 4721 6258 2962 8052 2741 8981 790 2486 4985 4766 2335
235 3523 2279 493 9968 3473 9265 6258 6547 790 2551 9688 3417 4667 3005 1181
236 3297 4644 4869 2085 2279 9159 9640 8203 3053 7949 6258 8052 2741 6101 6613 8342 246 4985 4667 3005
237 2240 9636 4293 871 2279 6698 8203 6859 5038 9968 6258 2962 790 9398 4667 1276 3005 3837 1181 3743
238 2240 4644 935 366 4726 790 4086 4407 1336 6457 1625 4667 8507 1020 3005 4766 3743
239 2240 450 3523 4644 9636 7115 9265 2741 4726 2486 1336 472 3417 3005 1181
240 1668 8549 8040 1323 8140 239 6547 8052 7028 5525 9301 4086 4407 2744 3417 4985 2202 3005 1181 4766
241 450 9636 4644 1668 8743 5547 8815 5135 79 1905 9265 6258 2486 790 3895 1336 2331 4667 3005
242 1668 2279 9640 6153 1423 9265 5330 9301 8469 4726 4086 790 1336 3417 6267 3005
243 3297 578 2 3523 4644 1252 4326 2279 5547 366 4880 9968 6258 2741 9301 9398 2264 3417 1020
244 6786 4644 6598 8203 1581 2896 9968 9265 6258 8052 7285 246 2486 3894 4407 1463 2744 4985 2202 2939
245 578 3523 4644 935 8040 8203 3473 6258 246 182 2551 4667 3005 7709
246 2240 578 1122 9636 8750 3888 5330 1042 949 2486 1336 1181 3005 6269 4766
247 2240 3523 4644 8260 2279 8040 8618 3153 4721 2962 1336 1625 2202 6269 3743
248 3297 4644 3530 8618 8140 366 9007 79 4721 5330 6258 246 4086 2486 6103 4027 3005 4766 3743
249 4644 4486 2279 8618 6859 3053 366 2896 9265 4726 2551 1336 1276 3005 6269
250 578 3523 2085 8040 3888 9265 6547 3637 9398 4726 246 4407 3005 1694 4766
251 8416 2240 7233 1668 2279 6506 780 3053 4721 5011 790 8824 3005 4766
252 3745 3074 871 8040 9640 7977 6249 6506 6859 7949 1905 915 9301 246 2551 1336 6840 3005
253 2240 4486 2279 871 8040 779 780 3053 7949 366 9968 5330 4726 790 4407 1625 3005 4766
254 2240 3297 2 7459 4644 1796 2085 2279 8040 7977 8140 1581 9968 8722 2962 246 6103 1336 9688 6457 1276 3005
255 2787 1668 745 8618 5069 9265 5234 6258 7028 2741 790 4726 2486 2551 9688 2202 4667 3005 1181 1694
256 7232 2240 578 4644 1668 8743 935 6859 9132 3053 4721 273 6002 6258 6547 9301 3005
257 2240 3523 7459 4644 6859 8203 1581 5389 3053 79 3153 9301 9398 2486 2551 6103 3417 3005
258 3523 4644 2279 6506 5069 2962 7155 7028 4340 4726 4985 1276 4060
259 4704 2240 482 6786 4644 1796 1956 8743 8618 8203 4107 5069 9968 1905 9265 5330 949 4726 4667
260 7233 1796 4486 1323 3053 1423 273 5617 3153 6258 6675 7028 9301 4086 3926 246 1336 4667 3005 1181 8125
261 2240 5442 4644 8549 2279 935 9640 7977 745 8203 4880 6258 949 9301 2741 790 4407 4667 7899 1020 1181
262 3523 4644 9636 2279 7880 4721 9265 5234 6258 2643 790 8566 2744 4667 4027 1020 6269
263 2240 578 3523 4644 2279 935 8750 79 9968 3153 9265 5330 6258 2962 9301 246 1336 4985 3005 6269
264 2279 6698 4941 1905 4721 9265 6258 5107 7155 9235 2643 2741 9301 9398 1336 4985 1020 3005 4766
265 4644 2085 8743 6506 8043 366 9935 273 9265 6101 790 3766 1336 9688 1625 2586 4060 3005
266 578 4066 8994 3523 2279 780 366 4721 5330 6258 7699 4726 246 3005
267 3714 4644 1252 2279 1383 8040 141 8750 8111 1905 9265 5330 6258 4726 7447 1181
268 7233 3745 4644 935 366 1423 4721 9265 6258 5234 4726 790 2744 1336 4667 1276 3005
269 3745 4644 7559 9640 745 6506 9646 5135 6258 6101 1336 6267 4667 3005 1694
270 2240 3745 450 2787 4644 2279 935 8618 1323 1423 9968 790 4726 246 3926 2744 6840 3417 1181
271 2240 578 3523 4644 1252 7687 935 1323 4721 7028 2486 3005 1181
272 5634 4644 935 9640 5069 4721 6258 246 4407 8824 2744 6457 1020 6269 3743
273 3936 5474 2085 2279 9640 6506 8618 9132 8815 9265 5330 6258 7028 790 1336 9688 7321 1020 1181 1694
274 7232 2240 4293 2279 935 6281 8618 8750 4721 3153 6258 4027 7837 3005
275 578 779 3053 4941 9265 3153 5330 6258 2962 2643 4821 9301 790 2486 2551 1336 8793 1020 3005 3581
276 578 7459 4644 8203 6859 9132 2896 4880 9968 790 4407 2331 3005 3743
277 578 4644 9636 4293 8618 780 9265 6258 2486 4726 9398 790 1336 9688 6457 4985 4766
278 450 2787 4644 4486 7977 745 8618 6506 6698 847 6258 2741 7285 790 4726 1336 2331 1694
279 1728 3745 482 2787 1220 4644 1668 8040 8618 1323 5135 2741 246 4407 7899 3005 7837 9887
280 2240 482 4644 8549 4869 871 2279 7115 8043 1905 6258 2962 2741 4821 7285 6101 790
281 4644 1668 4486 8618 1581 366 9968 4721 9301 7285 4726 790 6457 4667 1276 3005 6269
282 7233 578 450 4644 9640 7880 5097 6506 8618 1323 366 3982 2896 2486 2586 4667 3837 4766
283 450 4644 9636 2279 935 7049 493 4721 9265 6258 2962 6547 7285 4726 1336 3417 4766
284 4644 4134 871 2279 8040 9132 3053 8750 3375 4721 6258 3005 9887 3743
285 5634 4644 2279 871 3153 9265 2962 5107 6101 4726 790 4985 2202 4027 3005 8125
286 450 3523 4644 745 6859 4721 9265 6258 2962 6547 8052 6101 4726 2551 4407 2202 3005
287 3523 4644 4134 935 6506 1323 3053 9265 1042 915 7028 2551 2744 3005 3743
288 2240 3523 4644 1542 2279 9159 871 8040 6859 3053 6258 6613 246 3417 6266 4667 3005
289 3745 3267 4644 9636 2279 2183 8040 7049 745 847 79 5872 9968 1905 6258 2741 7285 246 790 2744 1336 6619
290 450 3523 4644 1668 2085 745 6506 8203 3982 6258 7285 4821 6101 6840 1371 1020 3005 1181
291 3297 3523 4644 871 6506 6859 5038 9968 273 4726 4345 2586 6269 3005
292 2240 3745 578 3523 4486 2279 8618 9968 273 4721 6258 7762 2962 6547 2741 6457 4027 3005
293 5795 7559 9640 5961 8618 1323 1581 847 9968 9265 9301 2741 6101 2486 4726 4407 631 8824 3417 1181 3743
294 4644 2279 8618 5069 9040 1905 3153 6101 790 4407 1336 3417 6267 4667 3005 3743
295 578 2787 4644 8040 7977 5546 8618 6859 2124 1423 6258 2962 4821 4985 4667 3005
296 2240 578 4644 9640 8040 6698 779 1323 4941 847 6258 915 2486 4726 9688 1336 6840 1181 3743
297 2279 4391 1323 847 79 3153 5330 631 472 4985 3417 2202 4667 1181 6269
298 8994 4644 2279 2408 5097 8618 1423 1905 3473 9265 2486 3926 1336 4956 1181
299 4644 1956 1668 6698 6506 4976 6258 915 8052 6101 790 2486 182 3417 4985 2331
300 3297 2210 4644 1956 4293 8040 8140 7949 1423 9265 5330 6258 949 790 2486 2744 1336 9688 3417 4985
301 3523 2787 4644 2279 8203 6859 2962 6675 3895 4407 2551 3005 3743
302 5509 935 6506 8618 8140 6991 1042 6258 2962 8981 790 1336 2744 6840 5754 4667 6267 3005 3743
303 1728 3297 3523 2279 8040 1581 366 9968 273 6258 7762 8981 4821 2744 3417 4027
304 578 4644 9636 2279 935 6506 847 9968 4086 2551 2744 4345 3005 3743
305 3745 4644 1668 4486 2279 935 8203 141 9968 1905 6258 6101 790 6457 3417 4985 1181 3005 6269 7709
306 4293 7174 4486 2279 8040 7049 7949 9968 273 9265 790 246 2744 1336 6457 3005
307 4644 2085 2279 8203 9132 3053 3153 5234 1042 2741 2486 3926 9526 9688 2331 3005 1181
308 578 482 450 3523 5795 1323 5135 9968 1905 6258 4726 2744 6457 4985 6269
309 3745 3523 1668 2279 935 8203 6859 9132 273 1905 5330 6258 915 5011 4027
310 578 4644 935 1581 79 9968 9745 6258 5011 790 2486 2744 2586 4667 3005 1181 3743
311 3523 8618 6859 366 8878 1423 6991 4624 5330 6258 276 8566 2551 1336 9688 2202 3005 7709 8125
312 3297 7233 4644 9640 7880 7977 745 6506 3053 9968 4721 5330 6258 2962 7155 6547 7285 2486 1336 4027 1694 6014
313 2787 3523 2279 6698 6859 7115 366 6258 6547 790 1336 1625 2586 2331 1276
314 3297 2721 1668 4293 7880 8203 7949 9968 9265 6258 7285 9301 790 246 1336 2202 4667 7837 3005 7582 3743
315 3297 3523 2787 4644 5509 7461 9640 8618 4107 4941 2896 273 1905 6258 9301 790 1336 4985
316 3745 2787 7459 4644 935 6859 366 4721 5330 5715 2741 4726 3895 1336 1020 3005
317 3745 4644 8549 4486 8618 6859 5135 3153 1905 9265 2962 2741 9301 246 790 2486 8507 7837 4766
318 4644 4293 9640 7049 8618 4880 1905 6258 1042 7381 2486 4407 2264 3417 1978 4667 1181 3743
319 578 1122 3523 2279 9159 6859 3982 9968 5330 6258 915 6547 4340 2741 6101 2551 4766
320 4644 2279 7977 6506 8618 3153 5330 3926 2486 6840 8824 4985 1694 3743
321 3745 4644 1220 2085 9640 7880 8618 6506 1905 3153 5234 5011 6675 8981 9301 6101 790 379 3005
322 2240 482 578 3523 4644 8040 9968 1905 9265 5330 6258 6101 9526 2486 2744 1336
323 3297 2787 2279 8040 6859 9676 366 273 6258 915 9301 2486 790 246 4667 1181 3005
324 4644 7174 2279 6153 2314 8203 1581 9007 2128 4821 2486 7734 4027
325 578 1668 9640 6506 5135 847 9968 9265 4721 6258 915 2643 468 790 2486 1336 3417 4667 1276 412 6269
326 578 3523 4486 2279 935 1323 5069 366 4721 6258 9301 4407 3417 1181
327 9440 2240 3745 4644 7559 8743 8040 7049 8618 1323 5330 8949 9301 4086 2486 1336 4985 6266 3005 1181
328 8416 3523 4644 6506 141 847 1905 6258 2962 6547 790 3926 4726 2551 8248 3005
329 578 4644 8040 7977 6506 4941 6991 9968 3153 9265 6258 9301 7285 2486 3926 246 5687 1336 4667 3005 1181
330 1122 3523 4644 9640 8040 1423 6258 7155 246 790 9271 3417 1625 4667 3005 1181
331 2210 2 3523 4644 9636 4134 8618 847 4721 9265 6547 7028 9301 3005 1694
332 7074 3523 4644 9636 1668 8618 847 1905 6258 5107 2741 3926 1336 3005 4766
333 450 4644 1668 3494 2279 871 7559 5097 3888 9968 9745 6258 7285 2741 4407 9688 3837 3743
334 4644 8040 745 6698 7115 4941 1423 4721 6258 2197 2744 2586 6269 191
335 2240 4644 935 8618 6859 847 3888 9968 3153 4721 5011 246 2486 4407 2744 4985 1181 3743
336 3936 4644 133 935 1323 4941 3153 4721 4340 2486 2551 9688 3417 6457 4667 1020 1181 4766
337 5634 4644 1668 745 779 4107 8140 5069 9968 3153 9265 6258 915 4726 2551 4667 1276 3005
338 578 4644 935 6506 8618 1072 9968 2486 4726 6103 2744 6840 2586 3005
339 3074 4644 2279 6506 8618 8203 7887 6258 790 4667 3005 1694 9887
340 7232 1728 7233 3523 2279 6859 1581 366 6258 6101 6457 4985 4667 3005 1181
341 2240 450 4644 1668 2085 2279 8040 4941 8045 847 9265 5330 6258 9301 7285 2486 246 4407 2744 505 4667 3005
342 3745 578 3523 4644 9640 4107 79 4880 6258 2551 1336 3417 2202 4667 3005 3837
343 7233 1122 4644 1668 5350 5069 9968 3153 9265 5330 6258 6482 915 9301 8949 949 2486 1336 4345 1625 4667 3005 1181 6269
344 7880 6859 8140 4941 5330 9301 1181 7709 482 8994 2787 2085 2279 935 9640 366 9265 1905 6258 8052 2741 246 4345 1276 3005
345 2787 8040 7977 5546 8618 8203 366 2896 9265 3153 1905 7155 2486 4407 2744 4667 3005
346 2240 2787 8260 4293 2279 8203 1581 6991 9265 1905 6258 7155 6101 4726 4985 3837 1181
347 1956 2279 8111 6258 9876 9301 2741 7285 6101 4086 2486 246 631 2551 6103 8824 4985 2586 4667 6269
348 7233 4644 9636 935 7880 6506 366 4721 9265 5682 6258 7028 7285 790 246 4985 4027 7709
349 2240 450 3523 4644 9636 7012 4941 8750 1905 5330 6258 2741 1336 2744 9688 2264 4027 1276 3005
350 7233 578 8994 3523 4644 9636 871 9968 9265 8981 7285 246 790 1336 4667 3005 4766
351 3745 7233 2340 2279 871 745 8618 366 8815 847 1905 6258 1042 8052 4726 2486 4667 4027 1020 1276 7165 3743
352 2240 7233 3297 2787 4293 2085 8423 935 9640 3053 9968 6258 9301 4726 2551 1336 472 4985 4667 1020 3005 9887
353 7233 353 3074 3523 4644 4613 8618 9132 4941 5069 3053 366 847 4880 9968 273 6101 246 4667
354 2240 321 4644 2279 6506 9132 8140 3375 5135 2128 3153 6258 915 790 4985 1181 3005 3743
355 2240 7233 578 3523 4644 4293 2279 7880 6859 9132 9968 3153 9265 6258 4667 3743
356 3473 5634 3523 4486 4726 2486 2279 2551 9640 3005 1181 8125
357 1728 2240 2210 3523 4644 8743 7049 273 6258 4821 6101 4726 4985 1625 2331 6269 3837 8125
358 2240 578 5634 5795 1668 7559 935 8618 1581 9968 9265 6258 4821 8949 4086 6103 6170 3005 3743 2335
359 578 2 4644 871 935 4721 6258 915 7285 8981 8469 9301 246 2486 1336 1625 7899 4027 3005 4766
360 2240 4066 4644 1796 9636 1668 4134 2279 1127 8040 366 6258 9301 6101 246 3926 2586 1020 3005
361 2240 3745 4644 1668 2085 4293 8389 7115 8140 4941 1581 1423 3888 9968 9265 6258 7285 246 2486 3005 6269
362 578 4644 1668 2085 2279 8140 273 9265 5330 2486 4726 790 9688 6457 3005
363 578 4644 2279 9159 8203 6258 4086 2486 246 4985 7611 4667 1020 3005 1181 3743
364 2240 578 2787 9636 366 9935 4721 9265 6258 790 1336 2744 4985 1276 3005 1181
365 2240 7562 8140 2896 2962 6547 9301 9688 3417 1625 1181 4766 3745 2787 4644 1956 935 8618 5678 6258 2486 4086 4985 4667 3005
366 1728 482 8994 4644 9636 4486 871 935 8040 8140 366 5330 6258 9301 6101 790 1336 4667 3005 3743
367 8416 4644 2279 745 8618 6698 7115 1581 5135 9040 9265 2962 8052 8981 790 1694
368 3841 5474 4644 4293 935 8045 1581 3053 847 1072 6258 2643 8981 246 1336 2744 2202 3005
369 3745 1122 450 4644 9636 1668 935 7880 3053 493 1423 4880 9968 9265 6258 9301 4726 246 4407 4027 3005 3743
370 273 578 3523 4486 2279 9640 1336 7115 1181 4766 366 1694
371 4644 1668 2279 871 8040 9640 1323 8140 5389 9968 4721 7028 949 2744 4667 1020 3005
372 578 7174 2279 7977 6859 8203 9132 5135 9968 4721 3153 9301 9688 4985
373 3745 7233 5825 7174 8040 6859 8140 3053 5038 4880 1905 5330 6258 1336 2744 4985 4667 1181 3005 3743
374 3745 2279 8040 9640 3530 5135 9265 1042 2197 8469 9301 7285 8792 3417 3005
375 3745 3523 4644 1796 1956 8549 7461 9640 1323 8111 7228 3005 1181 1694
376 5634 578 4134 871 935 8040 6506 1323 9007 9040 9968 6258 2962 790 3926 2744 4667 2939 1694 4766
377 2240 578 3523 2279 6506 9968 6258 6547 4821 7285 9301 4726 2551 8824 1181
378 353 578 3523 4644 1323 9968 4721 2741 4086 2586 4027 3005 3743
379 2369 4644 1668 8040 8618 8203 8043 5135 2128 4721 6258 2962 4821 9301 8824 3417 4027 3005
380 4644 2279 7880 7049 745 8618 3053 3153 6258 5107 9301 3895 9688 4667 1276 3005 1181 4766 9887 3743
381 3297 450 4644 1668 2279 935 7977 3053 5135 2896 9968 1905 9265 6258 2962 4726 2486 4407 2744
382 578 4644 2279 6506 8618 6698 7949 6258 790 2264 4985 2586 2202 7837 3005
383 2240 3297 1122 7459 4644 7559 935 7977 8618 4721 9265 4821 9301 7285 4985 6266 1020 3005
384 578 3523 4644 1956 2085 2279 935 9132 5389 5135 9265 6258 9301 4726 3926 9688 1181 3005
385 4644 871 2279 935 9640 9132 79 3473 6258 915 8052 4340 949 9301 2486 1336 1625 4667 1020 3005 4766
386 2240 3745 578 450 4644 1962 4362 6859 1905 3153 9265 6258 9301 2741 6101 4726 2744 1336 4667 3005 1181 3743
387 450 2787 2279 7977 3053 5295 9007 273 9265 6258 9235 468 9301 246 2551 1336 472 3132 3005
388 2210 450 4644 1956 2408 8140 5135 847 9968 4726 246 4407 6840 3005 7837
389 2240 4644 8260 2279 7049 8618 9968 9265 6258 6547 9301 2551 6840 4667 2524 1694 191
390 871 8040 7340 1581 4721 9265 6258 4726 1336 2744 4345 4985 2202 2939 4027 3005 6269 3743
391 3523 1956 2279 1581 4721 273 6258 6547 7028 9301 4985 8186 6269 3005 3743
392 2240 4644 1956 8549 871 2279 935 8040 745 8618 8750 3153 273 6258 278 3417 4667
393 482 578 450 2085 2279 6859 3053 9968 9265 5330 5682 5107 915 1336 3005
394 2240 578 4644 9636 4293 7559 8743 935 9968 3153 5330 2962 4407 1336 3005
395 4721 9265 578 6258 3523 4644 4726 871 6457 6269 3053 3375
396 1728 5795 4644 2279 8040 9640 141 1905 2962 6547 790 2551 2744 7899 7837 1181 3005
397 9440 1728 3745 450 4644 6468 871 2279 6698 3888 2896 1905 6258 2962 790 1336 4985
398 7233 578 4644 2279 6506 8618 79 6258 4340 949 4726 2486 790 4407 3417 4667
399 3745 578 3523 4644 6991 273 6258 6547 8949 4407 9688 6457 4667 3005
400 578 7459 2085 8743 7049 8618 6859 1323 7949 273 3153 9876 5525 4407 2744 1020 3005 1181 4766 3743
401 3523 4644 745 6506 7503 9968 9265 6258 2741 6101 4726 790 6457 3417 4985
402 2240 578 1668 2085 871 2408 9265 273 6258 915 4726 246 790 3894 2744 3417 8507 3005 4766
403 2240 3267 4644 1220 935 9640 813 366 9265 3827 4821 790 2486 246 4407 631 2744 3417 1181 7709
404 4644 9640 745 2730 3153 4721 6258 7285 9301 4726 4667 6267 4027 3005 6269 1181 191
405 9440 4644 1668 4486 8040 9132 6991 4721 276 2741 9301 7285 2486 4726 790 1336 4985 4667 3005
406 3745 3297 4644 871 9132 3375 9968 4721 1905 1233 6258 9301 790 1336 2264 7837 3005
407 578 5795 2787 5155 4644 2279 8040 8140 366 9968 6258 2486 246 1336 2202 1019 4060 3005
408 578 3523 4644 9636 6506 366 79 6258 6547 2486 4407 4667 1020 3743
409 578 4644 7687 745 273 5330 6258 9301 790 2486 3895 3417 4985 1625 1276 3005 6269 3743
410 482 1956 1668 2279 8743 871 9640 1323 1581 7762 2741 8949 4726 790 2551 1336 4027 3005 6269 3743
411 2240 3297 3745 482 450 2279 8618 366 5135 9968 9265 6258 7028 8052 9301 6101 3895 3417 3005
412 7233 2787 7174 6506 4941 2128 9968 9265 5330 6258 7028 6101 3895 9688 6457 4985 4667 9244 3005
413 3523 4644 2279 935 8140 1581 5069 3053 8815 9968 4721 6258 7762 6675 4086 3926 1336 9688 6269 3005 1181
414 7232 2240 4644 1668 7461 4134 2279 935 8203 8140 5330 6258 4086 790 9688 2744 1020 1181
415 578 1668 4134 2279 9640 8040 7049 6506 6698 4941 3053 273 6258 2962 915 4340 6101 790 182 4985 4027 1020 1181 3743
416 2240 3523 4644 3494 8423 8750 9968 7155 8949 4726 4407 3417 4985 3005
417 2240 3745 450 2085 935 6859 8203 3053 366 5135 3888 9968 3153 8052 3926 2744 9688 3005 1181 3743
418 3297 4644 2279 7559 935 8040 8618 6859 366 9968 1905 3153 6258 2962 6675 3417 4667
419 7233 4644 2279 871 935 6506 4077 7949 366 5038 847 9968 6258 4821 246 790 4726 1336 1020
420 4644 2085 7880 6698 366 79 2896 4721 9265 1905 6258 6547 7028 9301 246 2486 1336 4985 4667 412 3005 4766
421 2210 3523 4644 7559 9640 8140 8815 5330 6258 2486 2551 3005 1181 6269
422 578 4644 9636 935 8040 8618 3053 4880 9968 4721 5330 7285 6101 790 6840 9688 4667 1181
423 4928 2240 2279 935 6153 780 5069 5038 4721 9265 6258 5107 9332 9301 631 3417 4027 1276 9244 3005 1694
424 7810 4644 9636 2279 8618 6859 9265 6258 468 4726 790 9688 1336 2744 1276 3005
425 578 7459 871 2279 745 8618 1581 4941 5069 273 4721 9265 6258 9301 4407 2744 1181 3743 9887
426 3523 1956 1668 935 9640 8040 10 8140 3375 6991 7887 9265 5330 6258 3926 4726 4407 1336 4027 4060 3005
427 3523 2787 4644 1956 2279 7880 6153 8618 9132 366 8981 9301 6101 9398 1336 3417 3005 8125 9887
428 578 4644 7461 2279 141 3153 9265 5330 3895 9688 4667 3005 1694
429 2240 3523 8618 779 1323 8045 79 2896 9968 9265 6258 2962 6547 9398 4726 2551 4985 5307 7837
430 1728 450 1668 4134 871 8040 7977 8618 6859 1323 7213 366 2896 6258 2962 8052 9301 790 8824 2744 4667 3005 4766
431 2240 578 9636 4644 1956 1668 7559 935 9968 4721 6258 7285 2744 4985 8186 4060 3005 1181
432 1728 2279 6506 366 8175 2962 8052 790 2486 246 2551 3417 1694
433 3523 4644 2730 8618 79 2896 4721 6258 2741 6101 4086 6457 2202 3005 6269
434 3745 450 4486 2279 9640 6859 4880 3473 9265 5330 6258 2962 7155 9301 2486 4667 1276 3005 6269 3743
435 4928 7713 3523 2787 4644 4869 6506 3053 5389 366 8175 2128 1336 9688
436 2240 578 3523 935 7880 6506 8618 3053 3375 9007 3473 5617 6258 2486 246 3926 4027 3005 3837 9887
437 3745 578 3523 4644 5509 2279 8040 9968 1905 5330 6258 2962 4086 1336 8824
438 4644 1383 8618 9132 3473 5617 5107 9301 8824 1336 2744 4985 5754 3005 6269
439 482 578 2085 4134 871 2279 7049 8140 9968 4721 9265 6258 631 6327 3417 4667 3005 7709 9887
440 482 7459 4644 1796 133 8040 6506 366 847 9265 6258 2741 790 2486 1336 3417 2586 9244 3005
441 3745 3523 1220 2085 1323 273 9265 6258 7155 1107 7285 246 2331 3005 6269 8125 191
442 578 3523 2787 790 2551 6506 8618 4667 3005 5389 5069 7837
443 3523 4644 4293 871 935 7977 366 9968 1905 9265 6258 2962 5525 4726 3417 3005
444 1728 578 1122 2210 4644 2279 935 745 6506 9968 1905 3153 6101 4407 4985 3005
445 450 4644 1668 9640 8618 79 2128 4721 3153 9265 6258 6547 4821 790 2486 2135 4667 1276 1181 1694 4766
446 1728 3745 578 2787 4134 2279 8743 8618 1323 7115 9968 6258 6101 6613 790 2486 1336 2744 4985 1625 4667 379 3005 1181
447 3745 578 4644 6506 6859 8815 79 9265 5234 6258 6547 6101 4726 246 2486 3894 6103 4985 4667 1020 3005 6269 7709
448 578 4644 871 9159 2279 7880 779 9132 9265 6258 2741 246 4726 2486 3894 3417 3005
449 3745 578 5795 8040 9640 6258 1107 4726 2744 8824 2586 3005 191
450 4644 7461 2279 7880 6506 366 4721 273 9265 6258 949 9301 6101 246 4985 2939 1181
451 6786 8994 2787 4644 9636 8549 871 935 7977 6859 3053 8750 366 4880 6258 1625 1181
452 2240 3297 578 4066 450 4644 8260 4941 3888 2741 4726 4985 1019 1020 3005 6269
453 578 450 2279 9968 3153 9265 5330 6258 915 7381 5525 9301 246 2486 4726 790 1336 3005
454 7174 2279 8841 745 331 6859 3375 3153 4721 9265 6258 4726 1181 3005
455 4644 7559 6506 6859 3053 847 2896 1905 2741 4726 2551 1625 4667 8125
456 3745 3523 4644 1668 7461 4486 6506 5389 9968 6258 8469 9301 2486 4407 3417 4985
457 3523 2279 8040 1423 4721 9265 2962 8052 8469 4086 4407 1336 9688 3005
458 3523 4644 2279 7977 5069 3982 6258 5107 6547 949 790 2486 1336 9688 4667 1181 3005
459 2240 5474 4644 4293 4486 871 4721 6258 7285 4726 3417 1276 3005 2335 3743
460 5634 935 1962 8618 1581 4880 5330 9301 182 2551 3895 6840 2264 4667 4027 1276 7228 1694
461 4293 2279 871 7977 1581 366 5617 9301 4726 1336 1625 4667 3005 3743
462 3745 3523 4644 9636 935 7880 9968 1905 6258 7155 2741 7285 9526 3417 1625 1181 3743
463 1728 4644 9640 7049 6506 8618 8815 79 6258 6002 2486 9398 3895 3417 4985 4667 7611 3005 1181
464 4644 4293 8618 8203 6859 5069 7949 9968 3153 9265 4407 6103 8793 2202 4667 2203 8507 3005
465 3745 4644 9636 2279 871 8618 2730 8140 366 9968 3153 6258 2643 2741 9301 790 2486 3926 1336 9688 3005 3743
466 450 2787 4644 4486 2279 366 9935 3888 4726 246 4985 3005 8125
467 2240 7233 3523 4644 8423 9968 273 4721 6258 9301 246 790 4726 7382 4407 4985 3005
468 578 2 3523 4644 2279 8040 8618 8140 3153 6257 1905 5330 3637 4985 3005
469 3523 4644 9636 8549 6859 9132 3053 5872 3153 1042 6258 8052 246 3005 4766 3743
470 2240 450 3523 9507 1668 2279 8040 1423 9968 4721 273 9265 6258 790 1181 191
471 3745 482 2085 2279 745 6859 4077 3375 6991 4880 4721 6258 6101 4726 246 1019 3005
472 482 3523 7880 6506 4721 6258 6101 4086 3417 4985 2331 3005 7837
473 9440 3745 578 8994 1668 4293 5350 2279 6506 9968 9265 6258 8052 9301 246 6134 3895 3417
474 3745 3523 4644 2085 935 6991 2896 4880 9265 6258 4086 4407 1336 1625 4667 4027 1181 3837 3005 3743
475 2085 871 7880 9450 8203 9132 3053 5330 6258 915 5107 9398 9688 1336 1020 3005 7837
476 578 7459 4644 1668 2279 871 7049 8140 3053 4941 847 4721 8949 7285 790 2744 1020 6269 4766
477 2240 578 3523 4644 2183 745 6859 366 4721 6258 8949 4821 2486 3417
478 2240 3745 3074 3267 4644 1668 2279 7559 8618 5069 5135 9968 5330 6258 949 1336 9688 4667 3005
479 2240 1122 4644 7880 6506 1905 4721 2741 2614 6103 6840 1181 4766
480 3745 8994 3523 4644 4134 2279 6506 8140 366 6258 8052 9301 6101 790 2486 3926 2744 1020 8125
481 2240 3745 2787 9636 2279 6859 780 366 4721 9265 4726 246 9398 3005 1694
482 3297 482 5634 8994 4644 6859 9132 79 2896 9968 9265 8052 7285 4726 2486 3926 1181 3743
483 578 8743 2279 935 8040 6859 3053 5135 6675 8469 2741 6101 4726 3894 8793 9887
484 4644 7977 8618 1323 8140 7949 4721 6258 5107 6547 9301 4726 3926 1019 1276 3005 4766 3743
485 578 4644 1668 4486 2279 6506 8203 9968 6258 9301 790 4407 505 4667 3005
486 4928 3745 4644 9636 2279 871 2408 6698 6859 9265 8052 9301 790 8824 3005
487 2240 1252 4486 2279 6506 6859 8203 3053 493 9968 5715 8949 4726 4667 1181 3743
488 9440 7233 450 3523 4644 8260 1668 5125 8040 7880 7049 745 9132 3053 366 6258 7285 790 1336 412 3005 3743
489 1122 3523 4644 6468 366 5135 79 3153 6258 915 4086 9688 4027 1181 8125 3743
490 2240 3297 3074 3523 4644 1668 1962 8203 141 5069 4721 6258 915 2741 2486 1276 3005 1181 7709
491 4293 8618 779 8043 5069 366 847 5330 4726 2486 790 3417 1020 2524 4766
492 3297 7233 3523 2787 4644 9636 4293 744 5330 6101 3417 4027 3837 8125
493 3745 2085 2279 8423 935 8040 6153 8203 1581 8750 1423 9968 9265 2741 790 2486 1336 2744 3005 6269 3743
494 578 3523 4644 1668 871 2408 8618 6859 7949 9968 1905 6258 3005 7837 3743
495 2240 3745 4644 9636 8743 871 5389 2896 6258 1042 2962 949 4726 246 4407 3417 4345 4027 3005 8125 3743
496 482 578 3523 935 2408 6506 5617 6675 1336 3417 7321 4985 1625 1181
497 3297 3745 4644 1668 5350 8618 5069 1423 9968 6258 949 2741 9301 246 6457 3005 3837 7837 7709 4766
498 2 4644 2279 745 8618 366 3375 4721 3473 6258 2486 4407 2744 9688 6170 1181 3005
499 2240 578 1122 3523 1668 2085 2279 935 9640 745 8618 3053 1423 5872 9968 6258 915 9301 2551 3005 1181