100
0 1025 6402 7683 1541 6661 1802 5387 5643 1550 6162 1046 5402 1051 9505 547 6955 8495 8499 9781 310 5943 824 56 8760 9017 1850 5949 4928 4673 2370 3651 6214 1351 8269 5456 9297 4690 6738 5971 6227 6484 5211 8542 2654 5475 1380 6501 1126 1638 5990 2665 106 4970 9837 1903 8560 4723 6260 3958 1918 7040 2944 8833 8324 1670 5514 6801 2453 1176 6299 6047 2463 6816 4257 675 7588 8361 5294 7864 3514 8636 7103 1985 6852 712 1993 9929 3791 9423 3798 7134 2025 745 4334 7409 8433 3058 8947 2812 1534
1 1025 6402 7683 1541 6661 1802 5387 5643 1550 6162 1046 5402 1051 9505 547 6955 8495 8499 9781 310 5943 824 56 8760 9017 1850 5949 4928 4673 2370 3651 6214 1351 8269 5456 9297 4690 6738 5971 6227 6484 5211 8542 2654 5475 1380 6501 1126 1638 5990 2665 106 4970 9837 1903 8560 4723 6260 3958 1918 7040 2944 8833 8324 1670 5514 6801 2453 1176 6299 6047 2463 6816 4257 675 7588 8361 5294 7864 3514 8636 7103 1985 6852 712 1993 9929 3791 9423 3798 7134 2025 745 4334 7409 8433 3058 8947 2812 1534
2 1025 6402 7683 1541 6661 1802 5387 5643 1550 6162 1046 5402 1051 9505 547 6955 8495 8499 9781 310 5943 824 56 8760 9017 1850 5949 4928 4673 2370 3651 6214 1351 8269 5456 9297 4690 6738 5971 6227 6484 5211 8542 2654 5475 1380 6501 1126 1638 5990 2665 106 4970 9837 1903 8560 4723 6260 3958 1918 7040 2944 8833 8324 1670 5514 6801 2453 1176 6299 6047 2463 6816 4257 675 7588 8361 5294 7864 3514 8636 7103 1985 6852 712 1993 9929 3791 9423 3798 7134 2025 745 4334 7409 8433 3058 8947 2812 1534
3 1025 6402 7683 1541 6661 1802 5387 5643 1550 6162 1046 5402 1051 9505 547 6955 8495 8499 9781 310 5943 824 56 8760 9017 1850 5949 4928 4673 2370 3651 6214 1351 8269 5456 9297 4690 6738 5971 6227 6484 5211 8542 2654 5475 1380 6501 1126 1638 5990 2665 106 4970 9837 1903 8560 4723 6260 3958 1918 7040 2944 8833 8324 1670 5514 6801 2453 1176 6299 6047 2463 6816 4257 675 7588 8361 5294 7864 3514 8636 7103 1985 6852 712 1993 9929 3791 9423 3798 7134 2025 745 4334 7409 8433 3058 8947 2812 1534
4 1025 6402 7683 1541 6661 1802 5387 5643 1550 6162 1046 5402 1051 9505 547 6955 8495 8499 9781 310 5943 824 56 8760 9017 1850 5949 4928 4673 2370 3651 6214 1351 8269 5456 9297 4690 6738 5971 6227 6484 5211 8542 2654 5475 1380 6501 1126 1638 5990 2665 106 4970 9837 1903 8560 4723 6260 3958 1918 7040 2944 8833 8324 1670 5514 6801 2453 1176 6299 6047 2463 6816 4257 675 7588 8361 5294 7864 3514 8636 7103 1985 6852 712 1993 9929 3791 9423 3798 7134 2025 745 4334 7409 8433 3058 8947 2812 1534
5 1025 6402 7683 1541 6661 1802 5387 5643 1550 6162 1046 5402 1051 9505 547 6955 8495 8499 9781 310 5943 824 56 8760 9017 1850 5949 4928 4673 2370 3651 6214 1351 8269 5456 9297 4690 6738 5971 6227 6484 5211 8542 2654 5475 1380 6501 1126 1638 5990 2665 106 4970 9837 1903 8560 4723 6260 3958 1918 7040 2944 8833 8324 1670 5514 6801 2453 1176 6299 6047 2463 6816 4257 675 7588 8361 5294 7864 3514 8636 7103 1985 6852 712 1993 9929 3791 9423 3798 7134 2025 745 4334 7409 8433 3058 8947 2812 1534
6 1025 6402 7683 1541 6661 1802 5387 5643 1550 6162 1046 5402 1051 9505 547 6955 8495 8499 9781 310 5943 824 56 8760 9017 1850 5949 4928 4673 2370 3651 6214 1351 8269 5456 9297 4690 6738 5971 6227 6484 5211 8542 2654 5475 1380 6501 1126 1638 5990 2665 106 4970 9837 1903 8560 4723 6260 3958 1918 7040 2944 8833 8324 1670 5514 6801 2453 1176 6299 6047 2463 6816 4257 675 7588 8361 5294 7864 3514 8636 7103 1985 6852 712 1993 9929 3791 9423 3798 7134 2025 745 4334 7409 8433 3058 8947 2812 1534
7 1025 6402 7683 1541 6661 1802 5387 5643 1550 6162 1046 5402 1051 9505 547 6955 8495 8499 9781 310 5943 824 56 8760 9017 1850 5949 4928 4673 2370 3651 6214 1351 8269 5456 9297 4690 6738 5971 6227 6484 5211 8542 2654 5475 1380 6501 1126 1638 5990 2665 106 4970 9837 1903 8560 4723 6260 3958 1918 7040 2944 8833 8324 1670 5514 6801 2453 1176 6299 6047 2463 6816 4257 675 7588 8361 5294 7864 3514 8636 7103 1985 6852 712 1993 9929 3791 9423 3798 7134 2025 745 4334 7409 8433 3058 8947 2812 1534
8 1025 6402 7683 1541 6661 1802 5387 5643 1550 6162 1046 5402 1051 9505 547 6955 8495 8499 9781 310 5943 824 56 8760 9017 1850 5949 4928 4673 2370 3651 6214 1351 8269 5456 9297 4690 6738 5971 6227 6484 5211 8542 2654 5475 1380 6501 1126 1638 5990 2665 106 4970 9837 1903 8560 4723 6260 3958 1918 7040 2944 8833 8324 1670 5514 6801 2453 1176 6299 6047 2463 6816 4257 675 7588 8361 5294 7864 3514 8636 7103 1985 6852 712 1993 9929 3791 9423 3798 7134 2025 745 4334 7409 8433 3058 8947 2812 1534
9 1025 6402 7683 1541 6661 1802 5387 5643 1550 6162 1046 5402 1051 9505 547 6955 8495 8499 9781 310 5943 824 56 8760 9017 1850 5949 4928 4673 2370 3651 6214 1351 8269 5456 9297 4690 6738 5971 6227 6484 5211 8542 2654 5475 1380 6501 1126 1638 5990 2665 106 4970 9837 1903 8560 4723 6260 3958 1918 7040 2944 8833 8324 1670 5514 6801 2453 1176 6299 6047 2463 6816 4257 675 7588 8361 5294 7864 3514 8636 7103 1985 6852 712 1993 9929 3791 9423 3798 7134 2025 745 4334 7409 8433 3058 8947 2812 1534
10 1025 6402 7683 1541 6661 1802 5387 5643 1550 6162 1046 5402 1051 9505 547 6955 8495 8499 9781 310 5943 824 56 8760 9017 1850 5949 4928 4673 2370 3651 6214 1351 8269 5456 9297 4690 6738 5971 6227 6484 5211 8542 2654 5475 1380 6501 1126 1638 5990 2665 106 4970 9837 1903 8560 4723 6260 3958 1918 7040 2944 8833 8324 1670 5514 6801 2453 1176 6299 6047 2463 6816 4257 675 7588 8361 5294 7864 3514 8636 7103 1985 6852 712 1993 9929 3791 9423 3798 7134 2025 745 4334 7409 8433 3058 8947 2812 1534
11 1025 6402 7683 1541 6661 1802 5387 5643 1550 6162 1046 5402 1051 9505 547 6955 8495 8499 9781 310 5943 824 56 8760 9017 1850 5949 4928 4673 2370 3651 6214 1351 8269 5456 9297 4690 6738 5971 6227 6484 5211 8542 2654 5475 1380 6501 1126 1638 5990 2665 106 4970 9837 1903 8560 4723 6260 3958 1918 7040 2944 8833 8324 1670 5514 6801 2453 1176 6299 6047 2463 6816 4257 675 7588 8361 5294 7864 3514 8636 7103 1985 6852 712 1993 9929 3791 9423 3798 7134 2025 745 4334 7409 8433 3058 8947 2812 1534
12 1025 6402 7683 1541 6661 1802 5387 5643 1550 6162 1046 5402 1051 9505 547 6955 8495 8499 9781 310 5943 824 56 8760 9017 1850 5949 4928 4673 2370 3651 6214 1351 8269 5456 9297 4690 6738 5971 6227 6484 5211 8542 2654 5475 1380 6501 1126 1638 5990 2665 106 4970 9837 1903 8560 4723 6260 3958 1918 7040 2944 8833 8324 1670 5514 6801 2453 1176 6299 6047 2463 6816 4257 675 7588 8361 5294 7864 3514 8636 7103 1985 6852 712 1993 9929 3791 9423 3798 7134 2025 745 4334 7409 8433 3058 8947 2812 1534
13 1025 6402 7683 1541 6661 1802 5387 5643 1550 6162 1046 5402 1051 9505 547 6955 8495 8499 9781 310 5943 824 56 8760 9017 1850 5949 4928 4673 2370 3651 6214 1351 8269 5456 9297 4690 6738 5971 6227 6484 5211 8542 2654 5475 1380 6501 1126 1638 5990 2665 106 4970 9837 1903 8560 4723 6260 3958 1918 7040 2944 8833 8324 1670 5514 6801 2453 1176 6299 6047 2463 6816 4257 675 7588 8361 5294 7864 3514 8636 7103 1985 6852 712 1993 9929 3791 9423 3798 7134 2025 745 4334 7409 8433 3058 8947 2812 1534
14 1025 6402 7683 1541 6661 1802 5387 5643 1550 6162 1046 5402 1051 9505 547 6955 8495 8499 9781 310 5943 824 56 8760 9017 1850 5949 4928 4673 2370 3651 6214 1351 8269 5456 9297 4690 6738 5971 6227 6484 5211 8542 2654 5475 1380 6501 1126 1638 5990 2665 106 4970 9837 1903 8560 4723 6260 3958 1918 7040 2944 8833 8324 1670 5514 6801 2453 1176 6299 6047 2463 6816 4257 675 7588 8361 5294 7864 3514 8636 7103 1985 6852 712 1993 9929 3791 9423 3798 7134 2025 745 4334 7409 8433 3058 8947 2812 1534
15 1025 6402 7683 1541 6661 1802 5387 5643 1550 6162 1046 5402 1051 9505 547 6955 8495 8499 9781 310 5943 824 56 8760 9017 1850 5949 4928 4673 2370 3651 6214 1351 8269 5456 9297 4690 6738 5971 6227 6484 5211 8542 2654 5475 1380 6501 1126 1638 5990 2665 106 4970 9837 1903 8560 4723 6260 3958 1918 7040 2944 8833 8324 1670 5514 6801 2453 1176 6299 6047 2463 6816 4257 675 7588 8361 5294 7864 3514 8636 7103 1985 6852 712 1993 9929 3791 9423 3798 7134 2025 745 4334 7409 8433 3058 8947 2812 1534
16 1025 6402 7683 1541 6661 1802 5387 5643 1550 6162 1046 5402 1051 9505 547 6955 8495 8499 9781 310 5943 824 56 8760 9017 1850 5949 4928 4673 2370 3651 6214 1351 8269 5456 9297 4690 6738 5971 6227 6484 5211 8542 2654 5475 1380 6501 1126 1638 5990 2665 106 4970 9837 1903 8560 4723 6260 3958 1918 7040 2944 8833 8324 1670 5514 6801 2453 1176 6299 6047 2463 6816 4257 675 7588 8361 5294 7864 3514 8636 7103 1985 6852 712 1993 9929 3791 9423 3798 7134 2025 745 4334 7409 8433 3058 8947 2812 1534
17 1025 6402 7683 1541 6661 1802 5387 5643 1550 6162 1046 5402 1051 9505 547 6955 8495 8499 9781 310 5943 824 56 8760 9017 1850 5949 4928 4673 2370 3651 6214 1351 8269 5456 9297 4690 6738 5971 6227 6484 5211 8542 2654 5475 1380 6501 1126 1638 5990 2665 106 4970 9837 1903 8560 4723 6260 3958 1918 7040 2944 8833 8324 1670 5514 6801 2453 1176 6299 6047 2463 6816 4257 675 7588 8361 5294 7864 3514 8636 7103 1985 6852 712 1993 9929 3791 9423 3798 7134 2025 745 4334 7409 8433 3058 8947 2812 1534
18 1025 6402 7683 1541 6661 1802 5387 5643 1550 6162 1046 5402 1051 9505 547 6955 8495 8499 9781 310 5943 824 56 8760 9017 1850 5949 4928 4673 2370 3651 6214 1351 8269 5456 9297 4690 6738 5971 6227 6484 5211 8542 2654 5475 1380 6501 1126 1638 5990 2665 106 4970 9837 1903 8560 4723 6260 3958 1918 7040 2944 8833 8324 1670 5514 6801 2453 1176 6299 6047 2463 6816 4257 675 7588 8361 5294 7864 3514 8636 7103 1985 6852 712 1993 9929 3791 9423 3798 7134 2025 745 4334 7409 8433 3058 8947 2812 1534
19 1025 6402 7683 1541 6661 1802 5387 5643 1550 6162 1046 5402 1051 9505 547 6955 8495 8499 9781 310 5943 824 56 8760 9017 1850 5949 4928 4673 2370 3651 6214 1351 8269 5456 9297 4690 6738 5971 6227 6484 5211 8542 2654 5475 1380 6501 1126 1638 5990 2665 106 4970 9837 1903 8560 4723 6260 3958 1918 7040 2944 8833 8324 1670 5514 6801 2453 1176 6299 6047 2463 6816 4257 675 7588 8361 5294 7864 3514 8636 7103 1985 6852 712 1993 9929 3791 9423 3798 7134 2025 745 4334 7409 8433 3058 8947 2812 1534
20 1025 6402 7683 1541 6661 1802 5387 5643 1550 6162 1046 5402 1051 9505 547 6955 8495 8499 9781 310 5943 824 56 8760 9017 1850 5949 4928 4673 2370 3651 6214 1351 8269 5456 9297 4690 6738 5971 6227 6484 5211 8542 2654 5475 1380 6501 1126 1638 5990 2665 106 4970 9837 1903 8560 4723 6260 3958 1918 7040 2944 8833 8324 1670 5514 6801 2453 1176 6299 6047 2463 6816 4257 675 7588 8361 5294 7864 3514 8636 7103 1985 6852 712 1993 9929 3791 9423 3798 7134 2025 745 4334 7409 8433 3058 8947 2812 1534
21 1025 6402 7683 1541 6661 1802 5387 5643 1550 6162 1046 5402 1051 9505 547 6955 8495 8499 9781 310 5943 824 56 8760 9017 1850 5949 4928 4673 2370 3651 6214 1351 8269 5456 9297 4690 6738 5971 6227 6484 5211 8542 2654 5475 1380 6501 1126 1638 5990 2665 106 4970 9837 1903 8560 4723 6260 3958 1918 7040 2944 8833 8324 1670 5514 6801 2453 1176 6299 6047 2463 6816 4257 675 7588 8361 5294 7864 3514 8636 7103 1985 6852 712 1993 9929 3791 9423 3798 7134 2025 745 4334 7409 8433 3058 8947 2812 1534
22 1025 6402 7683 1541 6661 1802 5387 5643 1550 6162 1046 5402 1051 9505 547 6955 8495 8499 9781 310 5943 824 56 8760 9017 1850 5949 4928 4673 2370 3651 6214 1351 8269 5456 9297 4690 6738 5971 6227 6484 5211 8542 2654 5475 1380 6501 1126 1638 5990 2665 106 4970 9837 1903 8560 4723 6260 3958 1918 7040 2944 8833 8324 1670 5514 6801 2453 1176 6299 6047 2463 6816 4257 675 7588 8361 5294 7864 3514 8636 7103 1985 6852 712 1993 9929 3791 9423 3798 7134 2025 745 4334 7409 8433 3058 8947 2812 1534
23 1025 6402 7683 1541 6661 1802 5387 5643 1550 6162 1046 5402 1051 9505 547 6955 8495 8499 9781 310 5943 824 56 8760 9017 1850 5949 4928 4673 2370 3651 6214 1351 8269 5456 9297 4690 6738 5971 6227 6484 5211 8542 2654 5475 1380 6501 1126 1638 5990 2665 106 4970 9837 1903 8560 4723 6260 3958 1918 7040 2944 8833 8324 1670 5514 6801 2453 1176 6299 6047 2463 6816 4257 675 7588 8361 5294 7864 3514 8636 7103 1985 6852 712 1993 9929 3791 9423 3798 7134 2025 745 4334 7409 8433 3058 8947 2812 1534
24 1025 6402 7683 1541 6661 1802 5387 5643 1550 6162 1046 5402 1051 9505 547 6955 8495 8499 9781 310 5943 824 56 8760 9017 1850 5949 4928 4673 2370 3651 6214 1351 8269 5456 9297 4690 6738 5971 6227 6484 5211 8542 2654 5475 1380 6501 1126 1638 5990 2665 106 4970 9837 1903 8560 4723 6260 3958 1918 7040 2944 8833 8324 1670 5514 6801 2453 1176 6299 6047 2463 6816 4257 675 7588 8361 5294 7864 3514 8636 7103 1985 6852 712 1993 9929 3791 9423 3798 7134 2025 745 4334 7409 8433 3058 8947 2812 1534
25 1025 6402 7683 1541 6661 1802 5387 5643 1550 6162 1046 5402 1051 9505 547 6955 8495 8499 9781 310 5943 824 56 8760 9017 1850 5949 4928 4673 2370 3651 6214 1351 8269 5456 9297 4690 6738 5971 6227 6484 5211 8542 2654 5475 1380 6501 1126 1638 5990 2665 106 4970 9837 1903 8560 4723 6260 3958 1918 7040 2944 8833 8324 1670 5514 6801 2453 1176 6299 6047 2463 6816 4257 675 7588 8361 5294 7864 3514 8636 7103 1985 6852 712 1993 9929 3791 9423 3798 7134 2025 745 4334 7409 8433 3058 8947 2812 1534
26 1025 6402 7683 1541 6661 1802 5387 5643 1550 6162 1046 5402 1051 9505 547 6955 8495 8499 9781 310 5943 824 56 8760 9017 1850 5949 4928 4673 2370 3651 6214 1351 8269 5456 9297 4690 6738 5971 6227 6484 5211 8542 2654 5475 1380 6501 1126 1638 5990 2665 106 4970 9837 1903 8560 4723 6260 3958 1918 7040 2944 8833 8324 1670 5514 6801 2453 1176 6299 6047 2463 6816 4257 675 7588 8361 5294 7864 3514 8636 7103 1985 6852 712 1993 9929 3791 9423 3798 7134 2025 745 4334 7409 8433 3058 8947 2812 1534
27 1025 6402 7683 1541 6661 1802 5387 5643 1550 6162 1046 5402 1051 9505 547 6955 8495 8499 9781 310 5943 824 56 8760 9017 1850 5949 4928 4673 2370 3651 6214 1351 8269 5456 9297 4690 6738 5971 6227 6484 5211 8542 2654 5475 1380 6501 1126 1638 5990 2665 106 4970 9837 1903 8560 4723 6260 3958 1918 7040 2944 8833 8324 1670 5514 6801 2453 1176 6299 6047 2463 6816 4257 675 7588 8361 5294 7864 3514 8636 7103 1985 6852 712 1993 9929 3791 9423 3798 7134 2025 745 4334 7409 8433 3058 8947 2812 1534
28 1025 6402 7683 1541 6661 1802 5387 5643 1550 6162 1046 5402 1051 9505 547 6955 8495 8499 9781 310 5943 824 56 8760 9017 1850 5949 4928 4673 2370 3651 6214 1351 8269 5456 9297 4690 6738 5971 6227 6484 5211 8542 2654 5475 1380 6501 1126 1638 5990 2665 106 4970 9837 1903 8560 4723 6260 3958 1918 7040 2944 8833 8324 1670 5514 6801 2453 1176 6299 6047 2463 6816 4257 675 7588 8361 5294 7864 3514 8636 7103 1985 6852 712 1993 9929 3791 9423 3798 7134 2025 745 4334 7409 8433 3058 8947 2812 1534
29 1025 6402 7683 1541 6661 1802 5387 5643 1550 6162 1046 5402 1051 9505 547 6955 8495 8499 9781 310 5943 824 56 8760 9017 1850 5949 4928 4673 2370 3651 6214 1351 8269 5456 9297 4690 6738 5971 6227 6484 5211 8542 2654 5475 1380 6501 1126 1638 5990 2665 106 4970 9837 1903 8560 4723 6260 3958 1918 7040 2944 8833 8324 1670 5514 6801 2453 1176 6299 6047 2463 6816 4257 675 7588 8361 5294 7864 3514 8636 7103 1985 6852 712 1993 9929 3791 9423 3798 7134 2025 745 4334 7409 8433 3058 8947 2812 1534
30 1025 6402 7683 1541 6661 1802 5387 5643 1550 6162 1046 5402 1051 9505 547 6955 8495 8499 9781 310 5943 824 56 8760 9017 1850 5949 4928 4673 2370 3651 6214 1351 8269 5456 9297 4690 6738 5971 6227 6484 5211 8542 2654 5475 1380 6501 1126 1638 5990 2665 106 4970 9837 1903 8560 4723 6260 3958 1918 7040 2944 8833 8324 1670 5514 6801 2453 1176 6299 6047 2463 6816 4257 675 7588 8361 5294 7864 3514 8636 7103 1985 6852 712 1993 9929 3791 9423 3798 7134 2025 745 4334 7409 8433 3058 8947 2812 1534
31 1025 6402 7683 1541 6661 1802 5387 5643 1550 6162 1046 5402 1051 9505 547 6955 8495 8499 9781 310 5943 824 56 8760 9017 1850 5949 4928 4673 2370 3651 6214 1351 8269 5456 9297 4690 6738 5971 6227 6484 5211 8542 2654 5475 1380 6501 1126 1638 5990 2665 106 4970 9837 1903 8560 4723 6260 3958 1918 7040 2944 8833 8324 1670 5514 6801 2453 1176 6299 6047 2463 6816 4257 675 7588 8361 5294 7864 3514 8636 7103 1985 6852 712 1993 9929 3791 9423 3798 7134 2025 745 4334 7409 8433 3058 8947 2812 1534
32 1025 6402 7683 1541 6661 1802 5387 5643 1550 6162 1046 5402 1051 9505 547 6955 8495 8499 9781 310 5943 824 56 8760 9017 1850 5949 4928 4673 2370 3651 6214 1351 8269 5456 9297 4690 6738 5971 6227 6484 5211 8542 2654 5475 1380 6501 1126 1638 5990 2665 106 4970 9837 1903 8560 4723 6260 3958 1918 7040 2944 8833 8324 1670 5514 6801 2453 1176 6299 6047 2463 6816 4257 675 7588 8361 5294 7864 3514 8636 7103 1985 6852 712 1993 9929 3791 9423 3798 7134 2025 745 4334 7409 8433 3058 8947 2812 1534
33 1025 6402 7683 1541 6661 1802 5387 5643 1550 6162 1046 5402 1051 9505 547 6955 8495 8499 9781 310 5943 824 56 8760 9017 1850 5949 4928 4673 2370 3651 6214 1351 8269 5456 9297 4690 6738 5971 6227 6484 5211 8542 2654 5475 1380 6501 1126 1638 5990 2665 106 4970 9837 1903 8560 4723 6260 3958 1918 7040 2944 8833 8324 1670 5514 6801 2453 1176 6299 6047 2463 6816 4257 675 7588 8361 5294 7864 3514 8636 7103 1985 6852 712 1993 9929 3791 9423 3798 7134 2025 745 4334 7409 8433 3058 8947 2812 1534
34 1025 6402 7683 1541 6661 1802 5387 5643 1550 6162 1046 5402 1051 9505 547 6955 8495 8499 9781 310 5943 824 56 8760 9017 1850 5949 4928 4673 2370 3651 6214 1351 8269 5456 9297 4690 6738 5971 6227 6484 5211 8542 2654 5475 1380 6501 1126 1638 5990 2665 106 4970 9837 1903 8560 4723 6260 3958 1918 7040 2944 8833 8324 1670 5514 6801 2453 1176 6299 6047 2463 6816 4257 675 7588 8361 5294 7864 3514 8636 7103 1985 6852 712 1993 9929 3791 9423 3798 7134 2025 745 4334 7409 8433 3058 8947 2812 1534
35 1025 6402 7683 1541 6661 1802 5387 5643 1550 6162 1046 5402 1051 9505 547 6955 8495 8499 9781 310 5943 824 56 8760 9017 1850 5949 4928 4673 2370 3651 6214 1351 8269 5456 9297 4690 6738 5971 6227 6484 5211 8542 2654 5475 1380 6501 1126 1638 5990 2665 106 4970 9837 1903 8560 4723 6260 3958 1918 7040 2944 8833 8324 1670 5514 6801 2453 1176 6299 6047 2463 6816 4257 675 7588 8361 5294 7864 3514 8636 7103 1985 6852 712 1993 9929 3791 9423 3798 7134 2025 745 4334 7409 8433 3058 8947 2812 1534
36 1025 6402 7683 1541 6661 1802 5387 5643 1550 6162 1046 5402 1051 9505 547 6955 8495 8499 9781 310 5943 824 56 8760 9017 1850 5949 4928 4673 2370 3651 6214 1351 8269 5456 9297 4690 6738 5971 6227 6484 5211 8542 2654 5475 1380 6501 1126 1638 5990 2665 106 4970 9837 1903 8560 4723 6260 3958 1918 7040 2944 8833 8324 1670 5514 6801 2453 1176 6299 6047 2463 6816 4257 675 7588 8361 5294 7864 3514 8636 7103 1985 6852 712 1993 9929 3791 9423 3798 7134 2025 745 4334 7409 8433 3058 8947 2812 1534
37 1025 6402 7683 1541 6661 1802 5387 5643 1550 6162 1046 5402 1051 9505 547 6955 8495 8499 9781 310 5943 824 56 8760 9017 1850 5949 4928 4673 2370 3651 6214 1351 8269 5456 9297 4690 6738 5971 6227 6484 5211 8542 2654 5475 1380 6501 1126 1638 5990 2665 106 4970 9837 1903 8560 4723 6260 3958 1918 7040 2944 8833 8324 1670 5514 6801 2453 1176 6299 6047 2463 6816 4257 675 7588 8361 5294 7864 3514 8636 7103 1985 6852 712 1993 9929 3791 9423 3798 7134 2025 745 4334 7409 8433 3058 8947 2812 1534
38 1025 6402 7683 1541 6661 1802 5387 5643 1550 6162 1046 5402 1051 9505 547 6955 8495 8499 9781 310 5943 824 56 8760 9017 1850 5949 4928 4673 2370 3651 6214 1351 8269 5456 9297 4690 6738 5971 6227 6484 5211 8542 2654 5475 1380 6501 1126 1638 5990 2665 106 4970 9837 1903 8560 4723 6260 3958 1918 7040 2944 8833 8324 1670 5514 6801 2453 1176 6299 6047 2463 6816 4257 675 7588 8361 5294 7864 3514 8636 7103 1985 6852 712 1993 9929 3791 9423 3798 7134 2025 745 4334 7409 8433 3058 8947 2812 1534
39 1025 6402 7683 1541 6661 1802 5387 5643 1550 6162 1046 5402 1051 9505 547 6955 8495 8499 9781 310 5943 824 56 8760 9017 1850 5949 4928 4673 2370 3651 6214 1351 8269 5456 9297 4690 6738 5971 6227 6484 5211 8542 2654 5475 1380 6501 1126 1638 5990 2665 106 4970 9837 1903 8560 4723 6260 3958 1918 7040 2944 8833 8324 1670 5514 6801 2453 1176 6299 6047 2463 6816 4257 675 7588 8361 5294 7864 3514 8636 7103 1985 6852 712 1993 9929 3791 9423 3798 7134 2025 745 4334 7409 8433 3058 8947 2812 1534
40 1025 6402 7683 1541 6661 1802 5387 5643 1550 6162 1046 5402 1051 9505 547 6955 8495 8499 9781 310 5943 824 56 8760 9017 1850 5949 4928 4673 2370 3651 6214 1351 8269 5456 9297 4690 6738 5971 6227 6484 5211 8542 2654 5475 1380 6501 1126 1638 5990 2665 106 4970 9837 1903 8560 4723 6260 3958 1918 7040 2944 8833 8324 1670 5514 6801 2453 1176 6299 6047 2463 6816 4257 675 7588 8361 5294 7864 3514 8636 7103 1985 6852 712 1993 9929 3791 9423 3798 7134 2025 745 4334 7409 8433 3058 8947 2812 1534
41 1025 6402 7683 1541 6661 1802 5387 5643 1550 6162 1046 5402 1051 9505 547 6955 8495 8499 9781 310 5943 824 56 8760 9017 1850 5949 4928 4673 2370 3651 6214 1351 8269 5456 9297 4690 6738 5971 6227 6484 5211 8542 2654 5475 1380 6501 1126 1638 5990 2665 106 4970 9837 1903 8560 4723 6260 3958 1918 7040 2944 8833 8324 1670 5514 6801 2453 1176 6299 6047 2463 6816 4257 675 7588 8361 5294 7864 3514 8636 7103 1985 6852 712 1993 9929 3791 9423 3798 7134 2025 745 4334 7409 8433 3058 8947 2812 1534
42 1025 6402 7683 1541 6661 1802 5387 5643 1550 6162 1046 5402 1051 9505 547 6955 8495 8499 9781 310 5943 824 56 8760 9017 1850 5949 4928 4673 2370 3651 6214 1351 8269 5456 9297 4690 6738 5971 6227 6484 5211 8542 2654 5475 1380 6501 1126 1638 5990 2665 106 4970 9837 1903 8560 4723 6260 3958 1918 7040 2944 8833 8324 1670 5514 6801 2453 1176 6299 6047 2463 6816 4257 675 7588 8361 5294 7864 3514 8636 7103 1985 6852 712 1993 9929 3791 9423 3798 7134 2025 745 4334 7409 8433 3058 8947 2812 1534
43 1025 6402 7683 1541 6661 1802 5387 5643 1550 6162 1046 5402 1051 9505 547 6955 8495 8499 9781 310 5943 824 56 8760 9017 1850 5949 4928 4673 2370 3651 6214 1351 8269 5456 9297 4690 6738 5971 6227 6484 5211 8542 2654 5475 1380 6501 1126 1638 5990 2665 106 4970 9837 1903 8560 4723 6260 3958 1918 7040 2944 8833 8324 1670 5514 6801 2453 1176 6299 6047 2463 6816 4257 675 7588 8361 5294 7864 3514 8636 7103 1985 6852 712 1993 9929 3791 9423 3798 7134 2025 745 4334 7409 8433 3058 8947 2812 1534
44 1025 6402 7683 1541 6661 1802 5387 5643 1550 6162 1046 5402 1051 9505 547 6955 8495 8499 9781 310 5943 824 56 8760 9017 1850 5949 4928 4673 2370 3651 6214 1351 8269 5456 9297 4690 6738 5971 6227 6484 5211 8542 2654 5475 1380 6501 1126 1638 5990 2665 106 4970 9837 1903 8560 4723 6260 3958 1918 7040 2944 8833 8324 1670 5514 6801 2453 1176 6299 6047 2463 6816 4257 675 7588 8361 5294 7864 3514 8636 7103 1985 6852 712 1993 9929 3791 9423 3798 7134 2025 745 4334 7409 8433 3058 8947 2812 1534
45 1025 6402 7683 1541 6661 1802 5387 5643 1550 6162 1046 5402 1051 9505 547 6955 8495 8499 9781 310 5943 824 56 8760 9017 1850 5949 4928 4673 2370 3651 6214 1351 8269 5456 9297 4690 6738 5971 6227 6484 5211 8542 2654 5475 1380 6501 1126 1638 5990 2665 106 4970 9837 1903 8560 4723 6260 3958 1918 7040 2944 8833 8324 1670 5514 6801 2453 1176 6299 6047 2463 6816 4257 675 7588 8361 5294 7864 3514 8636 7103 1985 6852 712 1993 9929 3791 9423 3798 7134 2025 745 4334 7409 8433 3058 8947 2812 1534
46 1025 6402 7683 1541 6661 1802 5387 5643 1550 6162 1046 5402 1051 9505 547 6955 8495 8499 9781 310 5943 824 56 8760 9017 1850 5949 4928 4673 2370 3651 6214 1351 8269 5456 9297 4690 6738 5971 6227 6484 5211 8542 2654 5475 1380 6501 1126 1638 5990 2665 106 4970 9837 1903 8560 4723 6260 3958 1918 7040 2944 8833 8324 1670 5514 6801 2453 1176 6299 6047 2463 6816 4257 675 7588 8361 5294 7864 3514 8636 7103 1985 6852 712 1993 9929 3791 9423 3798 7134 2025 745 4334 7409 8433 3058 8947 2812 1534
47 1025 6402 7683 1541 6661 1802 5387 5643 1550 6162 1046 5402 1051 9505 547 6955 8495 8499 9781 310 5943 824 56 8760 9017 1850 5949 4928 4673 2370 3651 6214 1351 8269 5456 9297 4690 6738 5971 6227 6484 5211 8542 2654 5475 1380 6501 1126 1638 5990 2665 106 4970 9837 1903 8560 4723 6260 3958 1918 7040 2944 8833 8324 1670 5514 6801 2453 1176 6299 6047 2463 6816 4257 675 7588 8361 5294 7864 3514 8636 7103 1985 6852 712 1993 9929 3791 9423 3798 7134 2025 745 4334 7409 8433 3058 8947 2812 1534
48 1025 6402 7683 1541 6661 1802 5387 5643 1550 6162 1046 5402 1051 9505 547 6955 8495 8499 9781 310 5943 824 56 8760 9017 1850 5949 4928 4673 2370 3651 6214 1351 8269 5456 9297 4690 6738 5971 6227 6484 5211 8542 2654 5475 1380 6501 1126 1638 5990 2665 106 4970 9837 1903 8560 4723 6260 3958 1918 7040 2944 8833 8324 1670 5514 6801 2453 1176 6299 6047 2463 6816 4257 675 7588 8361 5294 7864 3514 8636 7103 1985 6852 712 1993 9929 3791 9423 3798 7134 2025 745 4334 7409 8433 3058 8947 2812 1534
49 1025 6402 7683 1541 6661 1802 5387 5643 1550 6162 1046 5402 1051 9505 547 6955 8495 8499 9781 310 5943 824 56 8760 9017 1850 5949 4928 4673 2370 3651 6214 1351 8269 5456 9297 4690 6738 5971 6227 6484 5211 8542 2654 5475 1380 6501 1126 1638 5990 2665 106 4970 9837 1903 8560 4723 6260 3958 1918 7040 2944 8833 8324 1670 5514 6801 2453 1176 6299 6047 2463 6816 4257 675 7588 8361 5294 7864 3514 8636 7103 1985 6852 712 1993 9929 3791 9423 3798 7134 2025 745 4334 7409 8433 3058 8947 2812 1534
50 1025 6402 7683 1541 6661 1802 5387 5643 1550 6162 1046 5402 1051 9505 547 6955 8495 8499 9781 310 5943 824 56 8760 9017 1850 5949 4928 4673 2370 3651 6214 1351 8269 5456 9297 4690 6738 5971 6227 6484 5211 8542 2654 5475 1380 6501 1126 1638 5990 2665 106 4970 9837 1903 8560 4723 6260 3958 1918 7040 2944 8833 8324 1670 5514 6801 2453 1176 6299 6047 2463 6816 4257 675 7588 8361 5294 7864 3514 8636 7103 1985 6852 712 1993 9929 3791 9423 3798 7134 2025 745 4334 7409 8433 3058 8947 2812 1534
51 1025 6402 7683 1541 6661 1802 5387 5643 1550 6162 1046 5402 1051 9505 547 6955 8495 8499 9781 310 5943 824 56 8760 9017 1850 5949 4928 4673 2370 3651 6214 1351 8269 5456 9297 4690 6738 5971 6227 6484 5211 8542 2654 5475 1380 6501 1126 1638 5990 2665 106 4970 9837 1903 8560 4723 6260 3958 1918 7040 2944 8833 8324 1670 5514 6801 2453 1176 6299 6047 2463 6816 4257 675 7588 8361 5294 7864 3514 8636 7103 1985 6852 712 1993 9929 3791 9423 3798 7134 2025 745 4334 7409 8433 3058 8947 2812 1534
52 1025 6402 7683 1541 6661 1802 5387 5643 1550 6162 1046 5402 1051 9505 547 6955 8495 8499 9781 310 5943 824 56 8760 9017 1850 5949 4928 4673 2370 3651 6214 1351 8269 5456 9297 4690 6738 5971 6227 6484 5211 8542 2654 5475 1380 6501 1126 1638 5990 2665 106 4970 9837 1903 8560 4723 6260 3958 1918 7040 2944 8833 8324 1670 5514 6801 2453 1176 6299 6047 2463 6816 4257 675 7588 8361 5294 7864 3514 8636 7103 1985 6852 712 1993 9929 3791 9423 3798 7134 2025 745 4334 7409 8433 3058 8947 2812 1534
53 1025 6402 7683 1541 6661 1802 5387 5643 1550 6162 1046 5402 1051 9505 547 6955 8495 8499 9781 310 5943 824 56 8760 9017 1850 5949 4928 4673 2370 3651 6214 1351 8269 5456 9297 4690 6738 5971 6227 6484 5211 8542 2654 5475 1380 6501 1126 1638 5990 2665 106 4970 9837 1903 8560 4723 6260 3958 1918 7040 2944 8833 8324 1670 5514 6801 2453 1176 6299 6047 2463 6816 4257 675 7588 8361 5294 7864 3514 8636 7103 1985 6852 712 1993 9929 3791 9423 3798 7134 2025 745 4334 7409 8433 3058 8947 2812 1534
54 1025 6402 7683 1541 6661 1802 5387 5643 1550 6162 1046 5402 1051 9505 547 6955 8495 8499 9781 310 5943 824 56 8760 9017 1850 5949 4928 4673 2370 3651 6214 1351 8269 5456 9297 4690 6738 5971 6227 6484 5211 8542 2654 5475 1380 6501 1126 1638 5990 2665 106 4970 9837 1903 8560 4723 6260 3958 1918 7040 2944 8833 8324 1670 5514 6801 2453 1176 6299 6047 2463 6816 4257 675 7588 8361 5294 7864 3514 8636 7103 1985 6852 712 1993 9929 3791 9423 3798 7134 2025 745 4334 7409 8433 3058 8947 2812 1534
55 1025 6402 7683 1541 6661 1802 5387 5643 1550 6162 1046 5402 1051 9505 547 6955 8495 8499 9781 310 5943 824 56 8760 9017 1850 5949 4928 4673 2370 3651 6214 1351 8269 5456 9297 4690 6738 5971 6227 6484 5211 8542 2654 5475 1380 6501 1126 1638 5990 2665 106 4970 9837 1903 8560 4723 6260 3958 1918 7040 2944 8833 8324 1670 5514 6801 2453 1176 6299 6047 2463 6816 4257 675 7588 8361 5294 7864 3514 8636 7103 1985 6852 712 1993 9929 3791 9423 3798 7134 2025 745 4334 7409 8433 3058 8947 2812 1534
56 1025 6402 7683 1541 6661 1802 5387 5643 1550 6162 1046 5402 1051 9505 547 6955 8495 8499 9781 310 5943 824 56 8760 9017 1850 5949 4928 4673 2370 3651 6214 1351 8269 5456 9297 4690 6738 5971 6227 6484 5211 8542 2654 5475 1380 6501 1126 1638 5990 2665 106 4970 9837 1903 8560 4723 6260 3958 1918 7040 2944 8833 8324 1670 5514 6801 2453 1176 6299 6047 2463 6816 4257 675 7588 8361 5294 7864 3514 8636 7103 1985 6852 712 1993 9929 3791 9423 3798 7134 2025 745 4334 7409 8433 3058 8947 2812 1534
57 1025 6402 7683 1541 6661 1802 5387 5643 1550 6162 1046 5402 1051 9505 547 6955 8495 8499 9781 310 5943 824 56 8760 9017 1850 5949 4928 4673 2370 3651 6214 1351 8269 5456 9297 4690 6738 5971 6227 6484 5211 8542 2654 5475 1380 6501 1126 1638 5990 2665 106 4970 9837 1903 8560 4723 6260 3958 1918 7040 2944 8833 8324 1670 5514 6801 2453 1176 6299 6047 2463 6816 4257 675 7588 8361 5294 7864 3514 8636 7103 1985 6852 712 1993 9929 3791 9423 3798 7134 2025 745 4334 7409 8433 3058 8947 2812 1534
58 1025 6402 7683 1541 6661 1802 5387 5643 1550 6162 1046 5402 1051 9505 547 6955 8495 8499 9781 310 5943 824 56 8760 9017 1850 5949 4928 4673 2370 3651 6214 1351 8269 5456 9297 4690 6738 5971 6227 6484 5211 8542 2654 5475 1380 6501 1126 1638 5990 2665 106 4970 9837 1903 8560 4723 6260 3958 1918 7040 2944 8833 8324 1670 5514 6801 2453 1176 6299 6047 2463 6816 4257 675 7588 8361 5294 7864 3514 8636 7103 1985 6852 712 1993 9929 3791 9423 3798 7134 2025 745 4334 7409 8433 3058 8947 2812 1534
59 1025 6402 7683 1541 6661 1802 5387 5643 1550 6162 1046 5402 1051 9505 547 6955 8495 8499 9781 310 5943 824 56 8760 9017 1850 5949 4928 4673 2370 3651 6214 1351 8269 5456 9297 4690 6738 5971 6227 6484 5211 8542 2654 5475 1380 6501 1126 1638 5990 2665 106 4970 9837 1903 8560 4723 6260 3958 1918 7040 2944 8833 8324 1670 5514 6801 2453 1176 6299 6047 2463 6816 4257 675 7588 8361 5294 7864 3514 8636 7103 1985 6852 712 1993 9929 3791 9423 3798 7134 2025 745 4334 7409 8433 3058 8947 2812 1534
60 1025 6402 7683 1541 6661 1802 5387 5643 1550 6162 1046 5402 1051 9505 547 6955 8495 8499 9781 310 5943 824 56 8760 9017 1850 5949 4928 4673 2370 3651 6214 1351 8269 5456 9297 4690 6738 5971 6227 6484 5211 8542 2654 5475 1380 6501 1126 1638 5990 2665 106 4970 9837 1903 8560 4723 6260 3958 1918 7040 2944 8833 8324 1670 5514 6801 2453 1176 6299 6047 2463 6816 4257 675 7588 8361 5294 7864 3514 8636 7103 1985 6852 712 1993 9929 3791 9423 3798 7134 2025 745 4334 7409 8433 3058 8947 2812 1534
61 1025 6402 7683 1541 6661 1802 5387 5643 1550 6162 1046 5402 1051 9505 547 6955 8495 8499 9781 310 5943 824 56 8760 9017 1850 5949 4928 4673 2370 3651 6214 1351 8269 5456 9297 4690 6738 5971 6227 6484 5211 8542 2654 5475 1380 6501 1126 1638 5990 2665 106 4970 9837 1903 8560 4723 6260 3958 1918 7040 2944 8833 8324 1670 5514 6801 2453 1176 6299 6047 2463 6816 4257 675 7588 8361 5294 7864 3514 8636 7103 1985 6852 712 1993 9929 3791 9423 3798 7134 2025 745 4334 7409 8433 3058 8947 2812 1534
62 1025 6402 7683 1541 6661 1802 5387 5643 1550 6162 1046 5402 1051 9505 547 6955 8495 8499 9781 310 5943 824 56 8760 9017 1850 5949 4928 4673 2370 3651 6214 1351 8269 5456 9297 4690 6738 5971 6227 6484 5211 8542 2654 5475 1380 6501 1126 1638 5990 2665 106 4970 9837 1903 8560 4723 6260 3958 1918 7040 2944 8833 8324 1670 5514 6801 2453 1176 6299 6047 2463 6816 4257 675 7588 8361 5294 7864 3514 8636 7103 1985 6852 712 1993 9929 3791 9423 3798 7134 2025 745 4334 7409 8433 3058 8947 2812 1534
63 1025 6402 7683 1541 6661 1802 5387 5643 1550 6162 1046 5402 1051 9505 547 6955 8495 8499 9781 310 5943 824 56 8760 9017 1850 5949 4928 4673 2370 3651 6214 1351 8269 5456 9297 4690 6738 5971 6227 6484 5211 8542 2654 5475 1380 6501 1126 1638 5990 2665 106 4970 9837 1903 8560 4723 6260 3958 1918 7040 2944 8833 8324 1670 5514 6801 2453 1176 6299 6047 2463 6816 4257 675 7588 8361 5294 7864 3514 8636 7103 1985 6852 712 1993 9929 3791 9423 3798 7134 2025 745 4334 7409 8433 3058 8947 2812 1534
64 1025 6402 7683 1541 6661 1802 5387 5643 1550 6162 1046 5402 1051 9505 547 6955 8495 8499 9781 310 5943 824 56 8760 9017 1850 5949 4928 4673 2370 3651 6214 1351 8269 5456 9297 4690 6738 5971 6227 6484 5211 8542 2654 5475 1380 6501 1126 1638 5990 2665 106 4970 9837 1903 8560 4723 6260 3958 1918 7040 2944 8833 8324 1670 5514 6801 2453 1176 6299 6047 2463 6816 4257 675 7588 8361 5294 7864 3514 8636 7103 1985 6852 712 1993 9929 3791 9423 3798 7134 2025 745 4334 7409 8433 3058 8947 2812 1534
65 1025 6402 7683 1541 6661 1802 5387 5643 1550 6162 1046 5402 1051 9505 547 6955 8495 8499 9781 310 5943 824 56 8760 9017 1850 5949 4928 4673 2370 3651 6214 1351 8269 5456 9297 4690 6738 5971 6227 6484 5211 8542 2654 5475 1380 6501 1126 1638 5990 2665 106 4970 9837 1903 8560 4723 6260 3958 1918 7040 2944 8833 8324 1670 5514 6801 2453 1176 6299 6047 2463 6816 4257 675 7588 8361 5294 7864 3514 8636 7103 1985 6852 712 1993 9929 3791 9423 3798 7134 2025 745 4334 7409 8433 3058 8947 2812 1534
66 1025 6402 7683 1541 6661 1802 5387 5643 1550 6162 1046 5402 1051 9505 547 6955 8495 8499 9781 310 5943 824 56 8760 9017 1850 5949 4928 4673 2370 3651 6214 1351 8269 5456 9297 4690 6738 5971 6227 6484 5211 8542 2654 5475 1380 6501 1126 1638 5990 2665 106 4970 9837 1903 8560 4723 6260 3958 1918 7040 2944 8833 8324 1670 5514 6801 2453 1176 6299 6047 2463 6816 4257 675 7588 8361 5294 7864 3514 8636 7103 1985 6852 712 1993 9929 3791 9423 3798 7134 2025 745 4334 7409 8433 3058 8947 2812 1534
67 1025 6402 7683 1541 6661 1802 5387 5643 1550 6162 1046 5402 1051 9505 547 6955 8495 8499 9781 310 5943 824 56 8760 9017 1850 5949 4928 4673 2370 3651 6214 1351 8269 5456 9297 4690 6738 5971 6227 6484 5211 8542 2654 5475 1380 6501 1126 1638 5990 2665 106 4970 9837 1903 8560 4723 6260 3958 1918 7040 2944 8833 8324 1670 5514 6801 2453 1176 6299 6047 2463 6816 4257 675 7588 8361 5294 7864 3514 8636 7103 1985 6852 712 1993 9929 3791 9423 3798 7134 2025 745 4334 7409 8433 3058 8947 2812 1534
68 1025 6402 7683 1541 6661 1802 5387 5643 1550 6162 1046 5402 1051 9505 547 6955 8495 8499 9781 310 5943 824 56 8760 9017 1850 5949 4928 4673 2370 3651 6214 1351 8269 5456 9297 4690 6738 5971 6227 6484 5211 8542 2654 5475 1380 6501 1126 1638 5990 2665 106 4970 9837 1903 8560 4723 6260 3958 1918 7040 2944 8833 8324 1670 5514 6801 2453 1176 6299 6047 2463 6816 4257 675 7588 8361 5294 7864 3514 8636 7103 1985 6852 712 1993 9929 3791 9423 3798 7134 2025 745 4334 7409 8433 3058 8947 2812 1534
69 1025 6402 7683 1541 6661 1802 5387 5643 1550 6162 1046 5402 1051 9505 547 6955 8495 8499 9781 310 5943 824 56 8760 9017 1850 5949 4928 4673 2370 3651 6214 1351 8269 5456 9297 4690 6738 5971 6227 6484 5211 8542 2654 5475 1380 6501 1126 1638 5990 2665 106 4970 9837 1903 8560 4723 6260 3958 1918 7040 2944 8833 8324 1670 5514 6801 2453 1176 6299 6047 2463 6816 4257 675 7588 8361 5294 7864 3514 8636 7103 1985 6852 712 1993 9929 3791 9423 3798 7134 2025 745 4334 7409 8433 3058 8947 2812 1534
70 1025 6402 7683 1541 6661 1802 5387 5643 1550 6162 1046 5402 1051 9505 547 6955 8495 8499 9781 310 5943 824 56 8760 9017 1850 5949 4928 4673 2370 3651 6214 1351 8269 5456 9297 4690 6738 5971 6227 6484 5211 8542 2654 5475 1380 6501 1126 1638 5990 2665 106 4970 9837 1903 8560 4723 6260 3958 1918 7040 2944 8833 8324 1670 5514 6801 2453 1176 6299 6047 2463 6816 4257 675 7588 8361 5294 7864 3514 8636 7103 1985 6852 712 1993 9929 3791 9423 3798 7134 2025 745 4334 7409 8433 3058 8947 2812 1534
71 1025 6402 7683 1541 6661 1802 5387 5643 1550 6162 1046 5402 1051 9505 547 6955 8495 8499 9781 310 5943 824 56 8760 9017 1850 5949 4928 4673 2370 3651 6214 1351 8269 5456 9297 4690 6738 5971 6227 6484 5211 8542 2654 5475 1380 6501 1126 1638 5990 2665 106 4970 9837 1903 8560 4723 6260 3958 1918 7040 2944 8833 8324 1670 5514 6801 2453 1176 6299 6047 2463 6816 4257 675 7588 8361 5294 7864 3514 8636 7103 1985 6852 712 1993 9929 3791 9423 3798 7134 2025 745 4334 7409 8433 3058 8947 2812 1534
72 1025 6402 7683 1541 6661 1802 5387 5643 1550 6162 1046 5402 1051 9505 547 6955 8495 8499 9781 310 5943 824 56 8760 9017 1850 5949 4928 4673 2370 3651 6214 1351 8269 5456 9297 4690 6738 5971 6227 6484 5211 8542 2654 5475 1380 6501 1126 1638 5990 2665 106 4970 9837 1903 8560 4723 6260 3958 1918 7040 2944 8833 8324 1670 5514 6801 2453 1176 6299 6047 2463 6816 4257 675 7588 8361 5294 7864 3514 8636 7103 1985 6852 712 1993 9929 3791 9423 3798 7134 2025 745 4334 7409 8433 3058 8947 2812 1534
73 1025 6402 7683 1541 6661 1802 5387 5643 1550 6162 1046 5402 1051 9505 547 6955 8495 8499 9781 310 5943 824 56 8760 9017 1850 5949 4928 4673 2370 3651 6214 1351 8269 5456 9297 4690 6738 5971 6227 6484 5211 8542 2654 5475 1380 6501 1126 1638 5990 2665 106 4970 9837 1903 8560 4723 6260 3958 1918 7040 2944 8833 8324 1670 5514 6801 2453 1176 6299 6047 2463 6816 4257 675 7588 8361 5294 7864 3514 8636 7103 1985 6852 712 1993 9929 3791 9423 3798 7134 2025 745 4334 7409 8433 3058 8947 2812 1534
74 1025 6402 7683 1541 6661 1802 5387 5643 1550 6162 1046 5402 1051 9505 547 6955 8495 8499 9781 310 5943 824 56 8760 9017 1850 5949 4928 4673 2370 3651 6214 1351 8269 5456 9297 4690 6738 5971 6227 6484 5211 8542 2654 5475 1380 6501 1126 1638 5990 2665 106 4970 9837 1903 8560 4723 6260 3958 1918 7040 2944 8833 8324 1670 5514 6801 2453 1176 6299 6047 2463 6816 4257 675 7588 8361 5294 7864 3514 8636 7103 1985 6852 712 1993 9929 3791 9423 3798 7134 2025 745 4334 7409 8433 3058 8947 2812 1534
75 1025 6402 7683 1541 6661 1802 5387 5643 1550 6162 1046 5402 1051 9505 547 6955 8495 8499 9781 310 5943 824 56 8760 9017 1850 5949 4928 4673 2370 3651 6214 1351 8269 5456 9297 4690 6738 5971 6227 6484 5211 8542 2654 5475 1380 6501 1126 1638 5990 2665 106 4970 9837 1903 8560 4723 6260 3958 1918 7040 2944 8833 8324 1670 5514 6801 2453 1176 6299 6047 2463 6816 4257 675 7588 8361 5294 7864 3514 8636 7103 1985 6852 712 1993 9929 3791 9423 3798 7134 2025 745 4334 7409 8433 3058 8947 2812 1534
76 1025 6402 7683 1541 6661 1802 5387 5643 1550 6162 1046 5402 1051 9505 547 6955 8495 8499 9781 310 5943 824 56 8760 9017 1850 5949 4928 4673 2370 3651 6214 1351 8269 5456 9297 4690 6738 5971 6227 6484 5211 8542 2654 5475 1380 6501 1126 1638 5990 2665 106 4970 9837 1903 8560 4723 6260 3958 1918 7040 2944 8833 8324 1670 5514 6801 2453 1176 6299 6047 2463 6816 4257 675 7588 8361 5294 7864 3514 8636 7103 1985 6852 712 1993 9929 3791 9423 3798 7134 2025 745 4334 7409 8433 3058 8947 2812 1534
77 1025 6402 7683 1541 6661 1802 5387 5643 1550 6162 1046 5402 1051 9505 547 6955 8495 8499 9781 310 5943 824 56 8760 9017 1850 5949 4928 4673 2370 3651 6214 1351 8269 5456 9297 4690 6738 5971 6227 6484 5211 8542 2654 5475 1380 6501 1126 1638 5990 2665 106 4970 9837 1903 8560 4723 6260 3958 1918 7040 2944 8833 8324 1670 5514 6801 2453 1176 6299 6047 2463 6816 4257 675 7588 8361 5294 7864 3514 8636 7103 1985 6852 712 1993 9929 3791 9423 3798 7134 2025 745 4334 7409 8433 3058 8947 2812 1534
78 1025 6402 7683 1541 6661 1802 5387 5643 1550 6162 1046 5402 1051 9505 547 6955 8495 8499 9781 310 5943 824 56 8760 9017 1850 5949 4928 4673 2370 3651 6214 1351 8269 5456 9297 4690 6738 5971 6227 6484 5211 8542 2654 5475 1380 6501 1126 1638 5990 2665 106 4970 9837 1903 8560 4723 6260 3958 1918 7040 2944 8833 8324 1670 5514 6801 2453 1176 6299 6047 2463 6816 4257 675 7588 8361 5294 7864 3514 8636 7103 1985 6852 712 1993 9929 3791 9423 3798 7134 2025 745 4334 7409 8433 3058 8947 2812 1534
79 1025 6402 7683 1541 6661 1802 5387 5643 1550 6162 1046 5402 1051 9505 547 6955 8495 8499 9781 310 5943 824 56 8760 9017 1850 5949 4928 4673 2370 3651 6214 1351 8269 5456 9297 4690 6738 5971 6227 6484 5211 8542 2654 5475 1380 6501 1126 1638 5990 2665 106 4970 9837 1903 8560 4723 6260 3958 1918 7040 2944 8833 8324 1670 5514 6801 2453 1176 6299 6047 2463 6816 4257 675 7588 8361 5294 7864 3514 8636 7103 1985 6852 712 1993 9929 3791 9423 3798 7134 2025 745 4334 7409 8433 3058 8947 2812 1534
80 1025 6402 7683 1541 6661 1802 5387 5643 1550 6162 1046 5402 1051 9505 547 6955 8495 8499 9781 310 5943 824 56 8760 9017 1850 5949 4928 4673 2370 3651 6214 1351 8269 5456 9297 4690 6738 5971 6227 6484 5211 8542 2654 5475 1380 6501 1126 1638 5990 2665 106 4970 9837 1903 8560 4723 6260 3958 1918 7040 2944 8833 8324 1670 5514 6801 2453 1176 6299 6047 2463 6816 4257 675 7588 8361 5294 7864 3514 8636 7103 1985 6852 712 1993 9929 3791 9423 3798 7134 2025 745 4334 7409 8433 3058 8947 2812 1534
81 1025 6402 7683 1541 6661 1802 5387 5643 1550 6162 1046 5402 1051 9505 547 6955 8495 8499 9781 310 5943 824 56 8760 9017 1850 5949 4928 4673 2370 3651 6214 1351 8269 5456 9297 4690 6738 5971 6227 6484 5211 8542 2654 5475 1380 6501 1126 1638 5990 2665 106 4970 9837 1903 8560 4723 6260 3958 1918 7040 2944 8833 8324 1670 5514 6801 2453 1176 6299 6047 2463 6816 4257 675 7588 8361 5294 7864 3514 8636 7103 1985 6852 712 1993 9929 3791 9423 3798 7134 2025 745 4334 7409 8433 3058 8947 2812 1534
82 1025 6402 7683 1541 6661 1802 5387 5643 1550 6162 1046 5402 1051 9505 547 6955 8495 8499 9781 310 5943 824 56 8760 9017 1850 5949 4928 4673 2370 3651 6214 1351 8269 5456 9297 4690 6738 5971 6227 6484 5211 8542 2654 5475 1380 6501 1126 1638 5990 2665 106 4970 9837 1903 8560 4723 6260 3958 1918 7040 2944 8833 8324 1670 5514 6801 2453 1176 6299 6047 2463 6816 4257 675 7588 8361 5294 7864 3514 8636 7103 1985 6852 712 1993 9929 3791 9423 3798 7134 2025 745 4334 7409 8433 3058 8947 2812 1534
83 1025 6402 7683 1541 6661 1802 5387 5643 1550 6162 1046 5402 1051 9505 547 6955 8495 8499 9781 310 5943 824 56 8760 9017 1850 5949 4928 4673 2370 3651 6214 1351 8269 5456 9297 4690 6738 5971 6227 6484 5211 8542 2654 5475 1380 6501 1126 1638 5990 2665 106 4970 9837 1903 8560 4723 6260 3958 1918 7040 2944 8833 8324 1670 5514 6801 2453 1176 6299 6047 2463 6816 4257 675 7588 8361 5294 7864 3514 8636 7103 1985 6852 712 1993 9929 3791 9423 3798 7134 2025 745 4334 7409 8433 3058 8947 2812 1534
84 1025 6402 7683 1541 6661 1802 5387 5643 1550 6162 1046 5402 1051 9505 547 6955 8495 8499 9781 310 5943 824 56 8760 9017 1850 5949 4928 4673 2370 3651 6214 1351 8269 5456 9297 4690 6738 5971 6227 6484 5211 8542 2654 5475 1380 6501 1126 1638 5990 2665 106 4970 9837 1903 8560 4723 6260 3958 1918 7040 2944 8833 8324 1670 5514 6801 2453 1176 6299 6047 2463 6816 4257 675 7588 8361 5294 7864 3514 8636 7103 1985 6852 712 1993 9929 3791 9423 3798 7134 2025 745 4334 7409 8433 3058 8947 2812 1534
85 1025 6402 7683 1541 6661 1802 5387 5643 1550 6162 1046 5402 1051 9505 547 6955 8495 8499 9781 310 5943 824 56 8760 9017 1850 5949 4928 4673 2370 3651 6214 1351 8269 5456 9297 4690 6738 5971 6227 6484 5211 8542 2654 5475 1380 6501 1126 1638 5990 2665 106 4970 9837 1903 8560 4723 6260 3958 1918 7040 2944 8833 8324 1670 5514 6801 2453 1176 6299 6047 2463 6816 4257 675 7588 8361 5294 7864 3514 8636 7103 1985 6852 712 1993 9929 3791 9423 3798 7134 2025 745 4334 7409 8433 3058 8947 2812 1534
86 1025 6402 7683 1541 6661 1802 5387 5643 1550 6162 1046 5402 1051 9505 547 6955 8495 8499 9781 310 5943 824 56 8760 9017 1850 5949 4928 4673 2370 3651 6214 1351 8269 5456 9297 4690 6738 5971 6227 6484 5211 8542 2654 5475 1380 6501 1126 1638 5990 2665 106 4970 9837 1903 8560 4723 6260 3958 1918 7040 2944 8833 8324 1670 5514 6801 2453 1176 6299 6047 2463 6816 4257 675 7588 8361 5294 7864 3514 8636 7103 1985 6852 712 1993 9929 3791 9423 3798 7134 2025 745 4334 7409 8433 3058 8947 2812 1534
87 1025 6402 7683 1541 6661 1802 5387 5643 1550 6162 1046 5402 1051 9505 547 6955 8495 8499 9781 310 5943 824 56 8760 9017 1850 5949 4928 4673 2370 3651 6214 1351 8269 5456 9297 4690 6738 5971 6227 6484 5211 8542 2654 5475 1380 6501 1126 1638 5990 2665 106 4970 9837 1903 8560 4723 6260 3958 1918 7040 2944 8833 8324 1670 5514 6801 2453 1176 6299 6047 2463 6816 4257 675 7588 8361 5294 7864 3514 8636 7103 1985 6852 712 1993 9929 3791 9423 3798 7134 2025 745 4334 7409 8433 3058 8947 2812 1534
88 1025 6402 7683 1541 6661 1802 5387 5643 1550 6162 1046 5402 1051 9505 547 6955 8495 8499 9781 310 5943 824 56 8760 9017 1850 5949 4928 4673 2370 3651 6214 1351 8269 5456 9297 4690 6738 5971 6227 6484 5211 8542 2654 5475 1380 6501 1126 1638 5990 2665 106 4970 9837 1903 8560 4723 6260 3958 1918 7040 2944 8833 8324 1670 5514 6801 2453 1176 6299 6047 2463 6816 4257 675 7588 8361 5294 7864 3514 8636 7103 1985 6852 712 1993 9929 3791 9423 3798 7134 2025 745 4334 7409 8433 3058 8947 2812 1534
89 1025 6402 7683 1541 6661 1802 5387 5643 1550 6162 1046 5402 1051 9505 547 6955 8495 8499 9781 310 5943 824 56 8760 9017 1850 5949 4928 4673 2370 3651 6214 1351 8269 5456 9297 4690 6738 5971 6227 6484 5211 8542 2654 5475 1380 6501 1126 1638 5990 2665 106 4970 9837 1903 8560 4723 6260 3958 1918 7040 2944 8833 8324 1670 5514 6801 2453 1176 6299 6047 2463 6816 4257 675 7588 8361 5294 7864 3514 8636 7103 1985 6852 712 1993 9929 3791 9423 3798 7134 2025 745 4334 7409 8433 3058 8947 2812 1534
90 1025 6402 7683 1541 6661 1802 5387 5643 1550 6162 1046 5402 1051 9505 547 6955 8495 8499 9781 310 5943 824 56 8760 9017 1850 5949 4928 4673 2370 3651 6214 1351 8269 5456 9297 4690 6738 5971 6227 6484 5211 8542 2654 5475 1380 6501 1126 1638 5990 2665 106 4970 9837 1903 8560 4723 6260 3958 1918 7040 2944 8833 8324 1670 5514 6801 2453 1176 6299 6047 2463 6816 4257 675 7588 8361 5294 7864 3514 8636 7103 1985 6852 712 1993 9929 3791 9423 3798 7134 2025 745 4334 7409 8433 3058 8947 2812 1534
91 1025 6402 7683 1541 6661 1802 5387 5643 1550 6162 1046 5402 1051 9505 547 6955 8495 8499 9781 310 5943 824 56 8760 9017 1850 5949 4928 4673 2370 3651 6214 1351 8269 5456 9297 4690 6738 5971 6227 6484 5211 8542 2654 5475 1380 6501 1126 1638 5990 2665 106 4970 9837 1903 8560 4723 6260 3958 1918 7040 2944 8833 8324 1670 5514 6801 2453 1176 6299 6047 2463 6816 4257 675 7588 8361 5294 7864 3514 8636 7103 1985 6852 712 1993 9929 3791 9423 3798 7134 2025 745 4334 7409 8433 3058 8947 2812 1534
92 1025 6402 7683 1541 6661 1802 5387 5643 1550 6162 1046 5402 1051 9505 547 6955 8495 8499 9781 310 5943 824 56 8760 9017 1850 5949 4928 4673 2370 3651 6214 1351 8269 5456 9297 4690 6738 5971 6227 6484 5211 8542 2654 5475 1380 6501 1126 1638 5990 2665 106 4970 9837 1903 8560 4723 6260 3958 1918 7040 2944 8833 8324 1670 5514 6801 2453 1176 6299 6047 2463 6816 4257 675 7588 8361 5294 7864 3514 8636 7103 1985 6852 712 1993 9929 3791 9423 3798 7134 2025 745 4334 7409 8433 3058 8947 2812 1534
93 1025 6402 7683 1541 6661 1802 5387 5643 1550 6162 1046 5402 1051 9505 547 6955 8495 8499 9781 310 5943 824 56 8760 9017 1850 5949 4928 4673 2370 3651 6214 1351 8269 5456 9297 4690 6738 5971 6227 6484 5211 8542 2654 5475 1380 6501 1126 1638 5990 2665 106 4970 9837 1903 8560 4723 6260 3958 1918 7040 2944 8833 8324 1670 5514 6801 2453 1176 6299 6047 2463 6816 4257 675 7588 8361 5294 7864 3514 8636 7103 1985 6852 712 1993 9929 3791 9423 3798 7134 2025 745 4334 7409 8433 3058 8947 2812 1534
94 1025 6402 7683 1541 6661 1802 5387 5643 1550 6162 1046 5402 1051 9505 547 6955 8495 8499 9781 310 5943 824 56 8760 9017 1850 5949 4928 4673 2370 3651 6214 1351 8269 5456 9297 4690 6738 5971 6227 6484 5211 8542 2654 5475 1380 6501 1126 1638 5990 2665 106 4970 9837 1903 8560 4723 6260 3958 1918 7040 2944 8833 8324 1670 5514 6801 2453 1176 6299 6047 2463 6816 4257 675 7588 8361 5294 7864 3514 8636 7103 1985 6852 712 1993 9929 3791 9423 3798 7134 2025 745 4334 7409 8433 3058 8947 2812 1534
95 1025 6402 7683 1541 6661 1802 5387 5643 1550 6162 1046 5402 1051 9505 547 6955 8495 8499 9781 310 5943 824 56 8760 9017 1850 5949 4928 4673 2370 3651 6214 1351 8269 5456 9297 4690 6738 5971 6227 6484 5211 8542 2654 5475 1380 6501 1126 1638 5990 2665 106 4970 9837 1903 8560 4723 6260 3958 1918 7040 2944 8833 8324 1670 5514 6801 2453 1176 6299 6047 2463 6816 4257 675 7588 8361 5294 7864 3514 8636 7103 1985 6852 712 1993 9929 3791 9423 3798 7134 2025 745 4334 7409 8433 3058 8947 2812 1534
96 1025 6402 7683 1541 6661 1802 5387 5643 1550 6162 1046 5402 1051 9505 547 6955 8495 8499 9781 310 5943 824 56 8760 9017 1850 5949 4928 4673 2370 3651 6214 1351 8269 5456 9297 4690 6738 5971 6227 6484 5211 8542 2654 5475 1380 6501 1126 1638 5990 2665 106 4970 9837 1903 8560 4723 6260 3958 1918 7040 2944 8833 8324 1670 5514 6801 2453 1176 6299 6047 2463 6816 4257 675 7588 8361 5294 7864 3514 8636 7103 1985 6852 712 1993 9929 3791 9423 3798 7134 2025 745 4334 7409 8433 3058 8947 2812 1534
97 1025 6402 7683 1541 6661 1802 5387 5643 1550 6162 1046 5402 1051 9505 547 6955 8495 8499 9781 310 5943 824 56 8760 9017 1850 5949 4928 4673 2370 3651 6214 1351 8269 5456 9297 4690 6738 5971 6227 6484 5211 8542 2654 5475 1380 6501 1126 1638 5990 2665 106 4970 9837 1903 8560 4723 6260 3958 1918 7040 2944 8833 8324 1670 5514 6801 2453 1176 6299 6047 2463 6816 4257 675 7588 8361 5294 7864 3514 8636 7103 1985 6852 712 1993 9929 3791 9423 3798 7134 2025 745 4334 7409 8433 3058 8947 2812 1534
98 1025 6402 7683 1541 6661 1802 5387 5643 1550 6162 1046 5402 1051 9505 547 6955 8495 8499 9781 310 5943 824 56 8760 9017 1850 5949 4928 4673 2370 3651 6214 1351 8269 5456 9297 4690 6738 5971 6227 6484 5211 8542 2654 5475 1380 6501 1126 1638 5990 2665 106 4970 9837 1903 8560 4723 6260 3958 1918 7040 2944 8833 8324 1670 5514 6801 2453 1176 6299 6047 2463 6816 4257 675 7588 8361 5294 7864 3514 8636 7103 1985 6852 712 1993 9929 3791 9423 3798 7134 2025 745 4334 7409 8433 3058 8947 2812 1534
99 1025 6402 7683 1541 6661 1802 5387 5643 1550 6162 1046 5402 1051 9505 547 6955 8495 8499 9781 310 5943 824 56 8760 9017 1850 5949 4928 4673 2370 3651 6214 1351 8269 5456 9297 4690 6738 5971 6227 6484 5211 8542 2654 5475 1380 6501 1126 1638 5990 2665 106 4970 9837 1903 8560 4723 6260 3958 1918 7040 2944 8833 8324 1670 5514 6801 2453 1176 6299 6047 2463 6816 4257 675 7588 8361 5294 7864 3514 8636 7103 1985 6852 712 1993 9929 3791 9423 3798 7134 2025 745 4334 7409 8433 3058 8947 2812 1534