100
0 1 66 3 708 8 9 11 331 13 15 17 19 22 24 26 91 155 92 93 30 32 288 97 35 293 38 422 104 425 42 43 176 1137 51 180 756
1 1 66 2 3 4 8 9 74 138 1290 11 13 15 19 339 22 23 24 91 93 29 30 159 32 34 36 38 40 41 42 237 51 180 61 62
2 65 1 3 4 5 69 264 9 12 13 15 16 81 83 20 21 214 22 23 24 27 28 797 94 30 32 35 38 102 104 40 44 179 54 55 58 59 62 126
3 257 66 3 68 1671 8 73 715 75 13 141 147 19 20 25 3097 28 29 30 31 161 99 37 40 105 170 42 112 50 179 54 121 125 253 447
4 0 1 514 131 133 1863 779 13 79 18 19 2132 1623 91 27 155 29 30 1502 1956 229 37 170 43 45 173 46 47 1843 308 54 119 375 120 60
5 0 65 66 2 68 7 7624 10 138 11 12 13 15 18 19 20 21 22 25 29 93 94 1310 31 95 32 96 97 35 37 40 41 42 44 53
6 2 3 68 69 8 137 9 10 75 13 16 17 145 18 83 19 20 21 86 23 25 3097 27 28 29 30 96 34 37 40 41 42 170 43 44 108 54 120 121
7 0 1 66 2 3 6 7 10 1290 11 13 15 19 21 25 90 1310 35 36 102 39 107 109 46 47 49 54 55 56 250 59 60
8 1 65 2 4 7 199 72 1290 12 13 16 18 83 84 151 1495 28 286 30 32 33 97 546 35 37 40 105 43 45 815 240 50 178 51 53 54 60 126 63
9 0 65 2 3 67 69 7 8 9 6729 10 138 11 16 19 83 26 91 31 34 99 163 164 38 39 105 44 47 48 53 56 121 58 59
10 0 2 3 131 68 5 6 71 7 72 8 9 138 139 12 15 81 17 18 19 468 22 86 23 26 27 93 94 160 2848 38 5926 41 43 3244 47 176 50 120 59
11 65 2 4 5 6 70 3975 1671 136 72 9 138 11 75 139 12 79 15 81 19 20 84 22 23 24 91 27 28 30 38 40 41 46 111 48 51 54 55 248 60
12 0 2 66 3 5 7 9 10 12 18 83 20 213 21 22 23 24 2264 25 5276 29 94 34 99 40 105 3756 46 55 56 120 58 62
13 1 131 1156 70 6 11 13 1677 15 17 1042 2579 21 25 27 1948 1438 32 35 101 39 1959 233 107 45 109 46 50 1271 567 124
14 0 128 1 3 71 456 73 1866 13 270 143 20 25 89 153 154 349 30 224 290 35 355 36 807 303 49 51 948 118 185 121
15 1 2 67 3 4 68 69 6 7 8 72 138 1290 11 13 16 17 18 19 147 20 21 25 27 92 31 95 34 35 36 38 42 47 1263 51 54 182 63
16 256 0 128 66 2 3 131 6 73 9 10 76 848 659 19 20 24 25 154 1754 28 223 288 1315 36 102 167 40 170 107 621 47 51 948 54 184 56 63
17 65 257 66 5893 5 9 12 76 15 210 19 83 85 21 86 150 23 665 28 93 797 94 159 96 418 34 36 42 44 178 435 247 55 318 510
18 192 2688 2 322 130 5 5381 1481 202 267 2128 18 979 213 22 796 94 99 355 3813 421 37 169 7593 750 879 245 1973 56 632 60 189 701
19 0 1 3 67 8 9 139 14 78 15 16 19 3797 23 2264 25 91 92 28 32 33 98 35 871 104 298 236 47 54 55 633 250 826 188
20 0 66 68 6 7 8 1290 75 907 12 13 16 17 210 19 148 21 5526 24 26 27 1052 33 34 232 41 42 43 48 49 118 56 120 57 59 60
21 1 2 4 6 70 71 8 74 138 11 13 15 17 19 21 25 26 27 29 34 35 99 36 3684 37 39 107 47 176 49 50 56 59 124
22 0 1 2 66 3 133 69 6 70 7 583 72 9 1290 11 78 15 16 18 19 21 23 25 27 1310 96 161 33 38 40 44 9517 46 47 51 54 55 60 124 62
23 1 2 66 4 70 6 10 138 11 139 15 17 18 21 22 23 24 25 27 29 31 95 32 34 35 36 42 554 44 3244 47 50 55 57 122 58
24 128 1 3 67 4 5 6 70 9 10 75 15 19 20 21 22 23 24 2264 25 27 91 28 31 34 104 40 42 3756 51 52 58 60
25 129 1 2 1667 68 69 6 199 393 1482 138 7242 11 140 12 13 16 19 83 147 86 24 2264 27 2587 31 227 35 36 37 101 44 109 47 1199 176 4724 249 186 380
26 0 1 66 3 4 6 3975 8 138 1290 11 139 12 13 15 79 18 19 23 25 26 27 91 36 37 168 42 554 43 46 47 55 187 59 60 62
27 1 4 69 5 70 6 7 1671 72 10 11 12 77 15 16 17 82 21 151 155 28 92 30 31 97 35 40 41 43 45 47 48 50 53 54 119 60 126
28 0 64 128 2 3 67 4 7 264 9 12 272 144 82 83 148 22 88 32 5921 34 35 102 41 105 42 554 43 114 51 53 55 58 60 1917
29 1 2 66 3 131 4 71 329 73 138 11 139 76 13 19 20 89 281 153 90 35 36 37 360 490 44 109 48 49 118 54 57 62
30 0 128 256 64 2 3 67 7 9 10 1610 14 2385 18 19 20 148 149 22 25 27 93 36 102 40 41 234 43 44 621 47 625 51 435 58 63
31 3 67 68 900 7 8 7624 138 75 11 12 13 77 14 15 399 16 19 83 20 22 25 3097 26 28 29 30 1310 31 5921 34 37 102 40 105 554 43 54 2360
32 0 1 65 3 900 5 197 3975 8 9 74 11 12 13 15 16 83 19 148 22 23 24 26 91 28 30 32 97 34 38 41 43 49 51 180 53 55 60
33 65 2 131 134 7 8 9 73 10 11 14 15 18 83 149 86 24 25 91 28 29 30 95 2848 33 34 102 298 174 47 50 51 54 120 124 61
34 1 3 4 391 137 73 9 11 6604 77 15 17 18 20 21 22 216 154 155 412 95 34 35 38 39 168 41 171 44 45 48 51 53 118 57 121
35 259 4164 836 646 138 8973 14 272 529 19 471 88 1752 344 476 7970 419 35 483 3236 9957 5221 7718 1959 297 42 235 1074 1909 6137 186 123 6012 316 2239
36 0 66 1027 4 71 8 1290 11 12 13 15 1936 148 469 406 280 25 26 27 94 163 99 35 36 39 105 42 554 107 49 434 309 119 1080 120 187 63
37 129 1 3 131 69 6 8 968 73 138 11 13 15 18 19 20 84 24 88 25 26 154 90 28 30 35 36 100 38 40 41 45 48 49 114 246 54 184 60
38 257 66 3 68 1671 8 73 585 906 13 141 147 20 4630 25 3097 475 28 29 1054 161 99 37 40 41 170 42 364 179 54 2360 120 121 125 253 447
39 322 2 7 1671 79 335 143 2128 337 17 18 979 213 22 796 94 608 99 355 102 169 42 750 55 119 56 632 506 251 60 701 189
40 193 1027 67 68 6 8 265 9 13 78 16 18 210 19 83 20 21 405 23 24 27 30 95 34 100 38 2153 42 43 47 1583 50 178 53 248 60 63
41 4 69 3975 137 9 75 12 13 16 17 83 20 214 23 24 26 27 28 30 97 38 40 554 43 48 50 51 116 53 181 54 121 59 60 62
42 708 69 6 10 205 13 78 16 17 18 82 20 22 23 88 27 30 32 2848 34 35 38 935 40 41 1449 1001 42 234 43 44 172 1263 432 51 53 119 56 57 121 60 63
43 194 2 4 6 70 72 8 9 73 11 76 15 79 399 20 23 4247 1434 412 93 158 2848 100 37 40 46 47 48 52 54 55 248 187 60 124 62
44 256 3 4 389 69 7 135 8 7624 9 10 138 1290 75 77 78 14 16 18 146 19 2196 404 25 26 27 347 92 30 1246 1310 95 34 742 41 43 301 48 498 51 120 4089 122
45 0 1 2 3 67 4 69 135 8 6729 138 11 12 332 15 18 83 20 85 23 24 26 91 27 156 31 32 37 40 42 47 48 52 309 60
46 64 0 128 323 4 5 69 11 12 14 15 17 19 20 22 88 31 2591 224 97 102 103 104 40 42 43 44 46 47 49 119 59 60 61
47 0 1 129 6 70 10 138 139 13 15 7055 16 17 18 23 2264 25 27 29 1502 32 33 35 43 45 174 46 47 50 54 55 57 59 126
48 0 67 3 68 134 70 7 8 9 75 12 79 19 404 21 22 25 26 27 30 34 99 163 164 168 2153 300 48 51 53 118 56 58 124
49 128 0 1 68 4 5 7 12 76 77 14 15 272 19 212 21 22 88 28 29 96 229 165 40 42 49 114 55 120 121 186 59 60 61
50 1 322 69 7 137 11 140 12 77 14 15 16 17 18 19 20 21 22 88 24 28 30 31 2591 34 36 228 164 102 38 40 233 41 44 45 46 48 176 114 2292 53 121
51 1728 3586 1989 5 197 6 966 198 70 200 1224 9 1417 334 14 8783 977 9234 788 213 597 725 22 23 6237 159 288 33 4705 5031 2410 4847 3824 2420 53 246 508 4606 63 383
52 0 2818 67 68 5 133 8 10 397 14 16 145 18 211 23 26 30 418 868 229 38 296 41 170 106 42 47 239 48 498 244 310 120 63
53 2 3 4 6 70 8 72 73 9 1866 11 12 76 332 2060 13 79 20 23 24 216 25 27 92 100 36 40 110 48 51 246 54 118 55 121 60 62
54 2 3 4 69 5 7 137 10 78 143 16 17 82 18 19 20 404 22 88 27 32 2848 34 35 37 38 41 42 43 44 109 48 115 180 52 54 182 62
55 0 65 2 3 4 900 7 8 264 9 10 138 11 12 460 13 15 80 146 20 21 22 88 25 32 5921 34 35 3110 41 554 43 44 45 117 53 55 124 189
56 128 0 2 66 3 6 7 9 10 13 145 19 20 21 23 24 25 89 154 27 28 34 1315 36 485 38 40 170 44 46 51 948 181 54 184 121 58 62 63
57 1 131 4 5 69 3975 136 968 11 139 13 77 16 17 84 25 27 91 30 33 35 38 422 43 45 46 111 49 114 54 118 55 56 59 60 62
58 128 0 1 2 3 4 196 325 264 8 9 73 137 460 6604 13 78 144 720 148 22 89 32 224 161 294 168 41 175 49 51 244 121 381 254
59 64 1728 65 769 323 3843 1412 902 6408 585 75 203 2187 11 2060 977 82 21 725 1429 22 216 8601 6238 1566 31 225 2980 111 2479 1264 1011 2295 762 58 189 127
60 0 65 2 130 4 708 69 7 6729 138 76 78 14 16 18 83 19 21 88 29 2848 38 103 297 42 235 238 114 115 52 1909 53 758 120 121 122 58 123 59 124 60
61 65 2 131 4 69 5 3975 968 1737 11 12 13 16 83 20 84 213 24 25 26 30 97 35 38 422 40 41 42 43 45 48 50 51 53 54 55 60 62
62 64 1 3 67 69 6 7 8 9 10 13 527 16 19 20 21 22 151 24 25 90 27 92 1310 31 95 34 100 47 1583 117 1591 248 58 60
63 257 66 3 68 8 585 1290 75 715 13 399 401 147 83 19 86 25 3097 475 92 1054 31 34 99 37 40 105 41 42 106 56 120 121 125 255
64 2 3 4 6 327 8 72 9 1290 11 75 332 13 399 15 79 336 465 20 23 24 1434 91 27 158 161 100 356 1384 42 46 48 3317 248 505 187 60 62
65 64 192 129 65 131 323 69 11 12 17 18 82 19 22 25 27 155 30 97 34 1954 35 38 43 173 45 46 110 47 1263 53 54 119 183 57 59 60 62
66 6656 131 4 6 1671 10 74 138 11 13 77 15 1424 17 82 21 23 25 3097 29 95 33 35 292 36 39 45 49 50 54 55 186 59 126
67 65 1 66 70 9 10 138 1290 11 139 12 13 78 15 79 16 18 21 23 1495 2264 25 26 27 155 28 32 33 34 35 37 43 45 50 51 53 54 119 120 58 60 126
68 2 194 3 324 4 6 9 138 11 76 79 15 20 21 5526 23 24 100 37 40 41 170 42 554 46 47 243 51 52 117 54 248 57 58 60 509 62
69 512 708 69 6 1671 8 9 10 394 1482 75 11 13 142 1935 80 209 145 146 6165 22 24 88 25 26 28 286 162 35 38 43 107 109 47 111 186 62 63
70 1 65 2 4 69 3975 6729 75 11 76 12 142 81 83 20 84 24 410 91 28 287 38 42 106 44 48 176 112 179 116 53 54 55 248 121 253 62
71 2 3 68 7 8 72 10 75 715 268 77 13 143 17 19 147 89 3097 92 28 30 31 546 34 36 37 101 40 105 41 42 54 182 121
72 65 2 4 6 72 8 9 138 11 13 79 20 84 213 23 216 24 25 91 798 158 100 356 37 38 40 42 46 110 48 243 51 54 55 121 187 124 60 62
73 65 1 3 4 69 70 72 9 10 74 11 12 2060 16 17 21 23 92 28 30 32 33 609 99 100 293 40 41 47 50 53 120 250 124
74 64 65 2 66 134 582 264 9 10 138 82 19 20 148 24 28 2848 34 163 36 37 38 102 39 234 170 109 621 47 431 625 51 54 56 59
75 64 129 65 66 3 69 583 8 75 13 16 17 147 19 86 25 28 29 30 97 34 356 37 105 170 43 45 173 174 1073 54 1334 57 59 60 62
76 0 128 3 900 5 133 2060 14 15 79 16 17 146 20 21 22 26 155 28 30 31 34 35 100 869 38 43 46 47 48 51 244 185 60 61
77 2 134 3591 651 76 78 207 16 81 273 8466 19 21 2517 24 217 6745 8733 222 1888 161 2657 5350 168 4138 1130 426 173 433 499 244 1593 635 2942 447 1407
78 1 2818 67 3 4 5 70 9 10 138 13 15 16 145 17 83 21 23 24 25 29 1502 96 34 35 292 42 44 172 3756 45 46 47 58 59
79 0 66 2 3 131 68 6 138 11 12 76 13 19 20 87 88 281 159 33 35 291 36 100 485 169 170 238 110 49 115 121 60 62
80 65 1 131 4 69 5 3975 136 137 75 12 81 17 145 20 214 24 28 94 30 287 422 39 104 40 3244 48 50 51 181 53 54
81 0 1 3 67 4 68 1671 8 9 74 11 12 14 15 16 209 19 21 85 22 23 26 27 155 31 95 5921 34 42 554 47 49 117 120 59 60
82 0 2 3 67 131 5 8 9 10 12 13 82 19 20 84 21 22 24 25 28 96 36 37 38 41 42 110 47 52 565 54 55 247 184 56 120 58 60 61 63
83 1 66 4 69 5 3975 11 12 13 17 19 84 27 28 30 2591 97 162 227 38 39 43 45 46 47 49 50 179 54 118 55 119 120 59 60 62
84 1 2 3 4 69 8 9 1737 11 15 17 81 18 19 83 20 21 86 22 23 24 2264 25 26 27 28 33 34 38 102 39 40 114 54 56 57 58 124 60
85 0 193 130 67 3 69 8 73 6729 138 139 78 81 338 18 88 217 1756 158 31 95 544 2848 226 355 293 38 938 238 174 48 176 115 56 121 122 187 59 123
86 0 64 2 3 67 68 69 6 199 8 9 10 138 11 13 16 18 21 22 24 25 1502 33 100 38 230 41 42 45 47 50 178 120 60
87 257 66 130 3 68 8 138 13 81 19 25 3097 26 92 29 30 97 34 99 36 101 169 42 108 1073 50 179 119 56 120
88 1 3 1027 67 4 6 7 8 9 11 13 19 21 278 24 25 90 27 92 95 160 161 35 36 38 42 3244 173 47 1583 1263 113 49 50 120 60 510 63
89 64 65 66 3 6 199 9 10 11 139 12 2060 13 205 79 16 81 21 725 726 23 87 218 27 33 161 34 485 230 5350 111 178 50 53 60 127
90 1 66 3 4 5 6 7 9 137 138 331 12 140 14 655 17 19 83 21 88 25 90 27 155 92 1052 158 96 32 34 35 38 42 43 44 3244 53 55 184 120 57 60 124
91 0 2 68 644 4 133 70 6 327 7 1671 139 654 15 338 19 84 22 663 281 2591 97 164 228 36 39 104 42 426 3244 2477 46 47 114 55 184 60 61 445
92 1 2 66 194 3 68 69 8 138 13 205 18 19 20 86 22 24 25 3097 92 30 31 97 34 36 169 42 176 50 179 248 120 121 316
93 1152 1 131 67 4 6 70 71 8 138 1290 11 13 15 21 406 152 25 26 90 27 1948 29 35 36 39 42 554 107 49 50 119 56 122 187 59 60 126
94 960 2882 3458 130 900 645 135 8 264 1865 11 332 4364 15 975 272 209 402 83 148 217 156 861 5921 1506 7971 1000 232 105 554 43 3244 301 114 180 309 55 1150 830 1663
95 0 129 65 66 131 132 69 1863 519 3975 200 139 12 76 652 78 18 82 19 147 84 2132 85 152 26 27 29 160 2848 34 37 38 110 50 54 119 120 57 59 60 62
96 2 2818 131 67 3 68 4 5 7 71 8 72 10 138 14 143 16 17 81 82 19 28 156 30 31 33 34 37 38 41 42 46 48 52 54 56 120
97 131 3 4 69 6 7 72 8 9 1737 10 138 11 13 14 78 16 18 20 21 277 86 24 216 27 100 38 42 45 173 559 241 49 50 178 52 120 124 60
98 1 641 66 4 6 1671 10 139 11 75 76 77 13 142 82 341 22 23 153 3097 28 355 229 39 40 104 42 106 44 45 110 1263 114 52 55 56 120 121 63
99 65 66 67 68 69 7 71 3975 8 138 11 139 12 13 79 15 18 19 21 22 406 25 26 27 155 29 30 97 36 37 38 168 2153 43 45 113 49 119 503 60 62